1	39	2
1	39	2
1	39	2
1	48	2
1	48	2
1	39	2
10	39	2
10	48	2
10	39	2
10	48	2
10	39	2
10	39	2
10	39	2
10	41	2
10	39	2
10	48	2
10	39	2
10	48	2
10	39	2
10	39	2
10	39	2
10	48	2
10	39	2
10	39	2
10	39	2
10	19	2
10	48	2
10	39	2
10	38	2
10	48	2
10	48	2
10	783	2
10	39	2
1000	4143	2
10009	16010	2
10087	10104	2
10087	10104	3
10087	10174	2
10087	16430	2
10111	10174	2
10129	10967	2
10129	15385	2
10129	10420	2
10132	14098	2
10132	13334	2
1015	14098	2
10183	10192	2
10228	10656	2
1024	15578	2
1024	1327	2
10258	12494	2
10267	13454	2
1027	1294	2
10294	16217	2
103	286	2
103	175	2
103	271	2
103	5937	2
1030	8978	2
1030	1986	2
10342	10464	2
10342	10464	2
10420	10475	2
10420	10525	2
10420	10525	2
10420	10525	2
10420	10490	2
10420	10490	2
10420	10525	2
10420	10525	2
10420	10525	2
10420	10513	2
10420	10490	2
10420	10525	2
10420	10525	2
10420	10490	3
10423	16217	2
10423	15832	4
10423	15832	3
10423	15832	2
10423	15832	2
10423	15832	2
10423	15832	2
10423	15832	2
10423	15832	3
10423	15832	3
10423	15832	5
10423	15832	2
10423	15832	2
10423	15832	2
10429	11471	2
10438	12979	2
10441	10513	2
10441	10605	2
10444	16010	2
10444	16010	2
10444	10656	2
10444	16011	2
10444	16010	2
10444	10656	2
10444	10656	2
10444	10656	2
10444	10656	2
10444	10656	2
10444	10656	2
10444	10656	3
10447	13043	2
1045	1046	2
1045	1046	2
1045	1046	2
1045	6752	2
10453	12935	2
10453	14814	2
10453	12935	2
10474	16217	3
10474	10531	2
10480	10533	2
10480	10932	2
10480	10831	2
10480	10831	2
10480	10533	2
10480	10831	2
10480	10533	2
10480	10831	2
10480	10831	2
10480	10533	2
10480	10932	2
10498	10499	3
10498	10499	2
10498	10499	3
10498	10499	2
10498	10499	2
10498	12921	2
10498	10499	2
10498	10499	2
10498	10499	2
10498	10499	2
10498	10499	2
10501	10653	2
10501	10561	2
1051	3236	2
10510	11173	2
10510	16217	2
10510	16217	2
10510	16217	2
10510	16217	2
10513	12946	2
10513	10568	2
10513	15832	2
10513	15832	2
10516	12946	2
10516	16010	2
10525	12935	2
10531	10815	2
10531	16011	2
1054	16010	2
1054	2049	2
10540	14098	2
10540	16010	2
10540	16011	2
10540	13427	2
10546	13041	2
10552	11318	2
10555	13089	2
10561	10562	2
10573	16010	2
10573	12503	2
10576	10592	2
10597	10930	2
1060	9617	2
1060	13060	2
10606	16010	2
10606	10879	2
10627	15832	2
10645	15798	2
10648	14953	2
10651	16217	2
1066	3315	2
1066	15832	2
1066	1103	2
1066	3315	2
1069	13041	2
10690	12983	2
10705	11946	2
10705	14881	2
10705	13669	2
10732	12019	2
10741	11564	2
10753	10812	2
10753	10885	4
10753	10885	2
10783	11032	2
10789	10911	2
10789	11644	2
10792	12938	3
10798	11067	2
10804	11289	2
10804	12925	2
10807	10808	3
10819	12925	2
10828	16011	2
10828	10966	2
10831	10932	2
10831	10932	2
10840	12508	2
10852	12925	2
10885	11309	2
10897	10939	2
109	8192	2
10900	12925	2
10909	11051	4
10909	15675	2
1093	1966	2
10939	13041	2
10951	11718	2
10966	12732	2
10966	16010	2
10969	13536	2
11050	12933	2
1111	2804	2
11110	12929	2
11110	12929	2
1114	1115	2
11191	14099	2
112	113	2
1120	16010	2
1120	3086	2
1120	11105	2
11200	11339	3
11221	13089	2
11221	14446	2
11224	11477	2
11254	12946	2
11254	14933	2
11296	12954	2
1135	4221	2
1135	16217	2
1135	15410	2
1135	1146	2
11383	14345	2
11383	14345	2
11383	15832	2
11425	14098	2
11437	16217	3
1144	2508	2
1144	1198	2
11476	14120	2
11491	16010	2
11491	15832	2
11491	15832	2
115	116	2
1153	1154	2
1153	1154	2
1153	1154	2
1153	1154	2
1153	1154	2
1156	1868	2
1156	4740	2
1156	1868	2
1156	2238	2
11560	11840	3
11560	11615	2
11560	11630	2
11560	11840	2
11560	11840	2
11608	15443	2
11608	13041	2
11617	13334	2
11620	11895	2
11629	11663	2
11671	16010	2
11671	16010	2
11671	16010	2
11671	16010	2
11671	16010	2
11671	11675	2
11692	13189	2
11692	15618	2
11692	12933	2
11701	11708	2
1177	10959	2
11794	15798	2
11794	12657	2
11794	12964	2
11809	12925	2
11809	12925	2
1183	13190	2
11851	12026	2
11851	12027	2
1192	5774	2
1192	2552	2
12001	15832	3
12001	16217	2
12010	12946	2
12019	14098	2
12025	12027	2
12064	12525	2
12064	12677	2
12067	12101	2
1210	4556	2
1210	2746	2
1210	5531	2
1213	6059	2
12160	12161	3
12178	16010	3
1219	4433	2
1219	4433	2
1219	4433	2
1219	4433	2
1219	4486	2
12244	13043	2
12277	13041	2
12277	14098	2
1231	1233	2
1234	4925	2
124	237	2
1240	1966	2
12415	14098	2
12469	13242	2
12478	12515	2
12508	12607	2
12508	14099	2
12508	15406	2
12517	12959	2
12541	13041	2
12586	12630	2
12586	13041	2
12604	12607	3
12604	16217	2
12604	12607	2
12607	12616	2
12607	12638	2
12655	13056	2
12718	13536	2
12718	13702	2
12718	13536	2
12721	13056	2
12736	13041	2
12736	13041	2
12736	13041	2
12751	12757	3
12751	12757	2
12751	12757	2
12775	13242	3
12775	13242	2
1282	12946	2
1282	16010	2
12847	12858	2
12925	13041	2
12925	13041	2
12925	15832	2
12925	15618	2
12925	12943	2
12925	15832	2
12925	12929	2
12925	12943	2
12925	12951	2
12925	16217	2
12925	15578	2
12925	12943	2
12925	13141	2
12925	12981	2
12925	13189	2
12943	13174	2
12943	14933	2
12943	15618	2
12943	12951	2
12943	14098	2
12943	13174	2
12943	15618	3
12943	15618	2
12946	15618	2
12946	12981	2
12946	14098	2
12946	12961	2
12952	12971	2
12952	15033	2
12952	14098	2
12961	12967	2
12964	12981	2
12973	16010	2
12973	16010	2
12973	16010	2
12979	12980	2
12982	14098	2
12982	13132	2
12982	16010	2
12982	16010	2
12982	16010	2
12982	13060	2
12982	13708	2
12997	16430	2
12997	13041	2
1300	2800	2
1300	1302	2
13021	13088	2
13024	13318	2
13033	15832	2
13033	15832	2
13033	15832	2
13048	16217	2
13048	16431	2
13048	15832	2
13051	13052	3
13051	13052	2
13051	13052	2
13060	14087	2
13060	16217	2
13060	16217	2
13060	16217	2
13060	16217	3
13060	16010	2
13063	13064	2
13108	16010	2
1312	3307	2
1312	5446	2
1312	5177	2
13132	15050	2
13135	15832	2
13141	13174	3
13141	13174	2
13174	15832	2
13174	15832	2
13174	15832	2
13174	15832	2
13174	16010	2
13174	16217	2
13174	16011	2
13174	16431	2
13174	16430	2
13174	16010	3
13174	16010	2
13174	16217	2
13174	16217	2
1318	15450	2
1318	5767	2
13186	14098	2
13186	16217	2
13186	16217	2
13186	16217	2
13189	15832	2
13189	14098	2
13210	16010	2
13216	13217	3
13222	13341	2
1324	3827	2
1324	1909	2
1324	1909	2
1324	1909	2
13246	13915	2
13246	14098	2
13255	16011	2
13258	14386	2
1327	1562	2
1327	16011	2
1327	1585	2
133	310	2
1330	15832	2
1330	15832	2
13300	15832	2
13300	16217	2
13300	14098	2
13315	13790	2
13318	15033	2
1333	1361	2
1333	1433	2
1333	1433	2
1333	1361	2
1336	11829	2
13360	15618	2
13366	14098	2
13366	14040	2
13372	15832	2
1339	2529	2
1342	15832	2
1342	1393	2
13432	13790	2
13432	13790	2
1345	10703	2
1345	2746	2
13462	13560	2
13534	14386	2
1354	14102	2
1354	1355	2
1354	1355	2
1354	1355	2
13543	16217	2
13543	16010	2
13543	16010	2
13543	14098	2
13543	14221	2
13552	16217	2
13567	15571	2
1357	3345	2
1357	3012	2
1357	1973	2
13573	13574	2
136	16217	2
136	229	2
1360	2931	2
1360	10444	2
13603	13616	2
13603	13615	2
13603	13616	4
13603	16011	2
13603	13615	2
13603	13615	2
13603	16011	3
13603	16010	3
13603	16010	2
13603	13786	2
13615	15832	2
13615	14655	2
13615	13786	3
13615	16010	2
13615	13786	2
13615	13616	4
1369	10125	2
13750	14386	4
13774	13775	2
1378	1379	2
1378	1379	2
1378	1379	2
1378	1379	2
1378	1379	2
1378	1379	2
1378	1379	2
1378	1379	2
1378	1379	2
1378	1379	2
13786	16010	3
13786	15289	2
13786	16011	2
13786	14655	2
13816	15618	2
1384	7988	2
1384	1385	2
1384	1385	2
1384	1385	2
1384	2495	2
13846	14637	2
1390	14933	2
13915	15832	2
1393	1435	2
1393	10125	2
1393	1394	2
13933	16010	2
1396	2528	2
14023	14107	2
14029	14098	2
14041	14042	2
14062	14067	2
14074	14114	3
14074	14158	3
1408	15832	2
1408	16217	2
14095	14097	2
14098	14102	2
14098	14099	2
14098	15406	3
14098	15832	2
14098	14221	2
14098	16010	2
14098	16217	2
14098	16011	2
14098	16011	2
14098	16010	2
14098	16010	2
14098	16010	2
14098	16011	2
14098	16010	2
14098	16010	3
14098	16011	2
14098	16011	3
14107	14933	2
1414	7262	2
1417	15832	2
1417	1421	2
1417	11191	2
1417	1600	2
1423	4080	2
1423	3279	2
14248	15832	2
14248	16010	2
1426	16010	2
14311	14312	2
14335	14432	2
14347	14590	2
14347	15832	2
14347	16011	2
14350	14362	2
14374	14855	2
14386	14390	2
14392	14622	2
1444	14120	2
14536	14933	2
14542	14628	2
14545	14913	2
1456	1503	2
14566	14642	2
1459	1497	2
1459	15832	2
14590	14638	2
14602	14933	2
14617	16010	2
14617	16010	2
1462	1783	2
14770	16010	2
148	1327	2
14809	14833	2
14827	16217	2
1483	15832	2
14830	14900	2
1486	1677	2
14860	14872	2
14881	14933	2
14896	15618	2
14953	16011	2
14953	16010	2
14953	16010	2
14953	16010	2
14953	16011	2
14953	15798	2
14953	15832	2
14953	15832	2
15028	15084	2
15028	16431	3
15028	15084	6
15046	15052	2
151	14098	2
151	12925	2
151	170	2
15106	15832	2
15127	15258	2
15127	15257	2
15127	15258	2
15127	15258	2
15127	15258	3
15127	15257	2
1513	12938	2
15160	15205	2
15160	15205	2
15160	15205	2
15160	15205	2
15160	15205	2
15160	15205	2
15160	15205	4
15160	15205	2
15172	15642	2
15205	16011	2
15205	16010	3
15205	15832	2
15217	15497	2
15217	16217	2
15217	15668	2
15244	15282	2
15289	16010	3
15289	16011	2
15289	16010	2
1531	2090	2
1531	16430	2
15316	15832	2
15316	16011	2
1534	14098	2
15388	16011	2
15388	16010	4
15388	16011	2
15388	16010	2
15397	15406	2
1540	1600	2
15406	16011	2
15406	16010	2
15424	15425	2
1543	1600	2
15436	16217	2
15436	16217	2
15460	15578	2
15484	16011	4
15484	16010	3
15484	16013	2
1549	3638	2
15499	15664	2
15538	16064	2
15544	15863	2
15571	15639	2
15571	16217	2
15571	16010	2
15586	16053	2
15589	16010	2
15589	15832	2
15601	15832	2
15601	15618	2
15601	15832	2
15601	15832	3
15601	16010	3
15601	16217	2
15607	15640	2
15619	15832	2
15619	15832	2
15619	16010	2
15634	15832	2
15634	16217	2
15634	16010	2
15643	15832	2
15652	16093	2
15658	15674	2
15664	15665	2
15667	15832	2
15700	15832	2
15745	15832	2
15751	15817	2
1576	13017	2
1576	1593	2
1579	4336	2
1579	13041	2
15799	16011	2
15802	15832	5
15814	15832	2
15820	15832	2
15832	15879	2
15832	15856	2
15832	15838	2
15832	15877	2
15832	15856	2
15832	15879	2
15835	16217	2
15838	16011	2
15838	16010	2
15847	16217	2
1588	4393	2
1588	5215	2
15898	16010	2
15901	16010	3
1594	2056	2
15967	16217	2
15967	16217	5
15976	16010	2
15979	16010	2
15979	16010	2
15988	16010	2
15988	16010	2
15988	16010	2
15988	16217	2
15988	16010	2
15988	16010	3
15988	16217	2
15988	16010	4
15988	16010	2
15988	16011	2
15988	16010	2
15988	16010	2
15988	16011	2
15994	16015	2
15994	16010	2
16	48	2
16	32	2
16	39	2
16	39	2
1600	13041	2
1600	14098	2
1600	10515	2
16003	16010	2
16006	16010	2
16021	16217	2
16045	16217	3
16057	16077	2
16057	16217	2
1609	14933	2
1609	16011	2
1609	14933	2
16093	16430	2
16093	16217	2
1612	13601	2
16129	16217	2
16156	16217	2
16156	16217	2
16177	16217	2
16186	16217	2
16189	16217	5
16195	16217	2
16219	16242	2
16228	16301	2
1636	1637	2
1636	1638	2
16405	16430	3
16405	16431	2
16405	16430	2
16405	16430	2
16405	16430	2
16405	16431	2
1642	4660	2
1642	13041	2
1651	2168	2
166	684	2
166	683	2
166	167	2
166	201	2
166	167	2
166	682	2
166	16217	2
166	426	2
1669	13182	2
169	16217	2
169	271	2
1693	2891	2
1693	14098	2
1693	15471	2
1693	12929	2
1696	15832	2
1702	13041	2
1714	5346	2
1714	16010	2
1714	16217	2
1720	2276	2
1738	5830	2
1738	13413	2
1744	16217	2
1747	2479	2
175	270	2
175	842	2
175	806	2
175	225	2
175	13041	2
175	15578	2
175	225	2
175	413	2
175	13041	2
175	2991	2
175	178	2
175	1026	2
175	806	2
175	271	2
175	178	2
175	178	2
175	178	2
175	16217	2
175	178	2
175	178	2
175	16217	2
1771	2492	2
1771	1808	2
1777	1778	2
178	842	2
178	1354	2
178	3988	2
178	2238	2
1783	9501	2
1783	1903	2
1783	16011	2
1783	15832	2
1786	12935	2
1804	3735	2
1804	15832	2
181	15832	2
1810	10515	2
1810	2792	2
1819	3311	2
1819	3256	2
1819	4339	2
1822	14055	2
1825	1826	2
1831	9501	2
1831	2058	2
1831	15618	2
1831	15832	2
1852	5546	2
1861	2115	2
1864	1865	2
1867	15832	3
187	12736	2
1870	1914	2
1870	2084	2
1885	3829	2
1894	3608	2
19	39	2
19	39	2
19	201	2
19	39	2
19	39	2
19	39	2
19	39	2
19	39	2
19	39	2
19	39	2
19	48	2
19	48	2
19	39	2
19	39	2
19	39	2
19	39	2
19	39	2
19	39	3
19	39	2
19	39	2
19	78	2
19	39	2
19	32	2
19	39	3
19	39	2
19	39	2
19	39	2
19	39	2
19	39	2
19	39	2
19	32	2
19	32	2
190	1209	2
1903	12925	2
1903	16217	2
1903	16217	2
1903	16217	2
1909	14814	2
1915	16217	2
1915	2965	2
1915	2048	2
1918	2453	2
1930	16010	2
1933	3836	2
1933	13112	2
1939	2916	2
1939	15832	2
1945	3765	2
1951	2284	2
1951	2505	2
1957	15832	2
1960	5248	2
1960	5248	2
1960	5248	2
1960	2437	2
1966	2326	2
1972	1979	2
1984	12943	2
1990	2168	2
1990	2065	2
1990	2168	2
1990	2552	2
1993	8978	2
1996	14120	2
2005	16011	2
2011	12677	2
2017	5898	2
2035	16217	2
205	225	2
2053	2129	2
2056	8411	2
2056	9579	2
2056	5158	2
2065	2238	2
2074	6520	2
2074	2080	2
208	225	2
2080	2527	2
2080	15397	2
2089	2238	2
2107	16217	2
211	10446	2
211	432	2
2113	15618	2
2116	2321	2
2122	2513	2
2122	7988	2
2137	12925	2
2140	16217	2
2143	2144	2
2143	2144	2
2146	12959	2
2152	13075	2
2170	13041	2
2191	15832	2
22	3400	2
22	65	2
22	39	2
22	48	2
220	16217	2
2212	2399	2
2215	3756	2
2227	4033	2
2233	3735	2
2233	16010	2
2233	12982	2
2233	12982	2
2254	15832	2
2254	5728	2
2263	2516	2
2269	3411	2
2281	8679	2
2284	2505	2
2284	2505	2
2284	2505	2
2284	4285	2
2284	2505	2
2284	2505	2
2284	2505	2
229	4753	2
229	14098	2
2305	10546	2
2314	10132	2
2329	14248	2
2338	2523	2
2338	5603	2
235	533	2
235	320	2
2350	4149	2
2353	3149	2
2353	3086	2
2353	16217	2
2362	4111	2
2362	2988	2
238	4200	2
2383	2523	2
2389	10525	2
2395	3059	2
2398	10108	2
2398	3994	2
2398	5700	2
2425	4661	2
2425	5317	2
2428	5037	2
2428	4916	2
2437	5050	2
2437	5248	2
2437	16217	2
244	15618	2
2440	4557	2
2440	3270	2
2440	8691	2
2443	6922	2
2464	3638	2
2467	2792	2
2476	10753	2
2476	14574	2
2476	3976	2
2476	10551	2
2476	12842	2
2476	13041	2
2476	15217	2
2485	16217	2
25	39	2
25	39	2
250	1794	2
2512	15618	2
2524	2944	2
2524	3270	2
2527	14098	2
2533	13049	2
2533	2635	2
2554	16217	2
2557	4964	2
2557	3866	2
256	12719	2
2560	2708	2
2563	2614	2
2563	9617	2
2563	14098	2
2566	4698	2
2569	4981	2
2572	5974	2
259	16010	2
259	1232	2
259	1679	2
2593	10513	2
2596	3151	2
2596	2968	2
2596	12473	2
2596	3151	2
2596	3151	2
2599	2714	2
2599	10515	2
2614	3361	2
262	413	2
262	15832	2
2623	11636	2
2623	2874	2
2623	2874	2
2623	4209	2
2623	2874	2
2623	10696	2
2629	2639	2
2629	15453	2
2629	3635	2
2635	14098	2
2647	12925	2
265	15832	2
2659	5886	2
2665	16217	2
2692	3827	2
2701	10469	2
271	14872	2
271	345	2
271	15618	2
271	16217	2
271	310	2
271	664	2
271	2633	2
271	310	2
271	2476	2
2716	3762	2
2719	6141	2
2743	5074	2
2746	15832	2
2749	13041	2
2749	13041	2
2758	4540	2
2758	2759	2
2764	14872	2
2767	13041	2
2767	4975	2
2770	5359	2
2779	3080	2
2788	10525	2
2794	3799	2
2797	2915	2
2797	2799	2
2812	5194	2
2815	4076	2
2815	4198	2
2815	5360	2
2818	9095	2
2821	3319	2
2821	10734	2
2830	14099	2
2830	16217	2
2830	3035	2
2836	2942	2
2842	8004	2
2842	15127	2
2842	10546	2
2851	9095	2
2854	2873	2
286	16217	2
286	1269	2
286	441	2
2872	16010	2
2875	4906	2
2875	16217	2
2878	15832	2
2878	3160	2
2884	6956	2
289	479	2
2902	15832	2
2902	3441	2
2905	2906	2
292	406	2
2938	16010	2
2941	5124	2
2953	4226	2
2962	4859	2
2983	3292	2
2989	3538	2
2998	16217	2
3007	3338	2
3007	3338	2
3007	3338	2
3007	3338	3
3007	3338	3
3007	3338	2
301	475	2
301	1198	2
301	533	2
301	16011	2
301	16217	2
301	14098	2
3019	13556	2
3037	9586	2
3046	3049	2
3046	3049	2
3046	16217	2
3046	7988	2
3049	7988	2
3052	14386	2
3055	4744	2
3055	4360	2
3055	5339	2
3058	5502	2
3058	6076	2
3058	4568	2
3061	3877	2
3061	3677	2
3067	16011	2
3070	3276	2
3085	10493	2
3094	4441	2
31	39	2
31	39	2
31	39	2
31	41	2
31	48	2
31	39	2
31	48	2
31	39	2
31	39	2
31	39	3
31	39	2
31	39	2
31	39	2
31	39	2
31	39	2
31	39	2
31	39	2
31	39	2
31	39	2
31	39	2
31	89	2
31	32	2
31	48	2
31	39	2
31	809	2
31	39	2
31	48	2
31	39	2
31	38	2
31	39	2
31	12925	2
31	39	2
31	39	2
31	39	2
31	32	2
31	32	2
31	39	2
31	32	2
31	48	2
31	39	2
31	39	2
31	39	2
310	2051	2
310	389	2
310	513	2
310	418	2
310	2350	2
310	352	2
310	15832	2
310	13041	2
310	12951	2
3103	16217	2
313	4826	2
313	553	2
3130	15832	2
3133	3135	2
3133	3689	2
3133	3135	2
3133	6517	2
3148	3774	2
3151	5982	2
3151	12503	2
3154	13056	2
3157	5830	2
3160	15832	2
3169	3502	2
3175	4215	2
3175	4057	2
3175	6453	2
3178	3872	2
319	9095	2
319	1987	2
319	15832	2
319	320	2
319	15832	2
3196	8240	2
3196	8978	2
3202	16010	2
3208	4143	2
3208	4144	2
322	635	2
3223	3510	2
3238	12503	2
3256	3258	2
3256	15832	2
3265	3690	2
3268	3269	2
3268	3269	3
3274	3687	2
328	12959	2
3292	14855	2
3304	3305	2
331	332	2
331	749	2
331	448	2
331	6098	2
3313	15832	2
3316	16217	2
3319	3321	2
3319	3321	2
3319	3321	2
3319	3320	2
3319	3321	2
3319	3321	2
3319	3320	2
3322	6461	2
3337	11178	2
3337	12951	2
334	571	2
334	16011	2
3343	9304	2
3343	14099	2
3346	5937	2
3346	16011	2
3349	4093	2
3361	15832	2
3361	15832	2
3367	10230	2
337	405	2
34	39	2
3424	4882	2
3451	15832	2
3451	15843	2
346	783	2
346	397	2
3460	3635	2
3460	8168	2
3475	16430	2
3487	4209	2
3493	3494	2
3493	4568	2
3493	3494	2
3493	3494	2
3493	4567	2
3499	12946	2
3502	6098	2
3502	16217	2
3502	15832	2
3502	15832	2
3502	10170	2
3505	5755	2
3508	3509	2
3511	4030	2
352	677	2
352	533	2
352	1859	2
3520	8909	2
3526	4684	2
3526	4824	2
3526	3528	2
3526	3527	2
3529	4823	2
3535	3537	2
3535	3537	2
3535	3537	2
3535	3537	2
3535	3537	2
3535	4382	2
3535	3537	2
3535	3537	2
3535	3537	3
3535	3537	2
3535	3537	2
3535	3537	2
3535	3537	2
3535	3537	2
3535	3537	2
3535	3537	2
3535	3537	2
3535	3537	2
3535	3537	3
3535	12503	2
3535	3537	3
3535	3537	2
3535	3537	2
3547	7481	2
3553	10611	2
3553	9669	2
3553	8068	2
3571	13041	2
358	12671	2
358	438	2
358	10444	2
3580	7869	2
3604	7458	2
3607	9501	2
3607	4630	2
3607	16217	2
3616	10551	2
3616	4642	2
3616	13041	2
3616	15578	2
3616	4226	2
3616	10553	2
3619	14386	2
3619	6353	2
3619	10610	2
3655	9546	2
367	368	2
3676	16010	2
3688	4873	2
3688	5472	2
3688	4873	2
37	38	2
37	38	2
37	38	2
37	38	2
37	38	2
37	38	2
37	38	2
37	38	2
37	38	2
37	38	3
37	38	2
37	38	2
37	38	2
37	38	2
37	38	2
37	38	2
37	38	2
37	38	2
37	38	2
37	38	2
37	38	2
37	38	2
37	38	2
37	38	2
37	38	2
37	38	2
37	38	2
37	38	2
37	38	2
37	38	2
37	38	2
37	38	3
37	38	2
37	38	2
37	38	2
37	38	2
37	38	2
37	38	2
37	38	2
37	38	3
37	38	2
37	38	2
37	38	3
37	48	2
37	38	2
37	38	2
37	38	2
37	38	2
37	38	2
37	38	2
37	39	2
37	38	2
37	38	2
37	39	2
37	38	2
37	38	2
37	38	2
37	38	2
37	38	2
37	38	3
37	48	2
37	38	2
37	39	2
37	38	2
37	38	2
37	38	2
37	38	2
37	38	2
37	39	2
37	38	2
37	38	2
37	48	2
37	39	2
37	38	2
37	38	2
37	38	2
37	38	2
37	38	2
37	38	2
37	38	2
37	38	2
37	39	2
37	38	2
37	38	2
37	39	2
37	38	2
37	38	2
37	38	2
37	38	2
37	38	2
37	38	2
37	38	2
37	38	2
37	38	2
37	38	2
37	38	2
37	38	3
37	38	2
37	38	2
37	38	2
37	38	2
37	38	2
37	38	2
37	38	2
37	38	2
37	38	2
37	38	2
37	38	2
37	38	2
37	39	2
37	38	2
37	38	2
37	38	2
37	39	2
37	38	2
37	38	2
37	38	2
37	38	2
37	38	2
37	38	2
37	38	2
37	38	2
37	38	2
37	38	2
37	38	2
37	38	2
37	38	2
37	38	2
37	38	2
37	38	2
37	38	3
37	38	2
37	38	2
37	790	2
37	38	2
37	38	2
37	38	3
37	48	2
37	101	2
37	38	2
37	38	2
37	38	2
37	38	2
37	38	2
37	38	2
37	38	2
37	48	2
370	384	2
370	371	2
3715	10611	2
3730	6077	2
3742	5346	2
3751	16217	2
3772	16010	2
3772	4093	2
3772	4093	2
379	5767	2
379	4282	2
379	1327	2
3790	10928	2
3799	15258	2
3799	4630	2
3805	3993	2
3808	14098	2
3814	10611	2
3814	3854	2
3814	3854	2
382	13041	2
382	3160	2
382	464	2
3826	9510	2
3844	10446	2
385	15832	2
3856	6356	2
3877	6082	3
3877	6082	2
3877	4833	2
3877	6082	2
3877	7540	2
3877	7540	2
3877	6082	2
3877	7540	2
388	1439	2
3886	4142	2
3892	5305	2
3904	4536	2
3907	4567	2
3913	12961	2
3913	11718	2
397	398	2
397	10653	2
397	398	2
3973	4245	2
3982	13041	2
3985	8043	2
3988	13041	2
3988	13041	2
3988	12935	2
3991	4947	2
3994	5700	2
3994	5700	2
3994	3995	2
40	48	3
40	48	2
40	48	2
40	48	2
40	48	2
40	48	2
40	234	2
4009	4204	2
4027	4286	2
403	441	2
4030	15265	2
4036	11129	2
4048	5653	2
4057	5027	2
4057	4730	2
4060	4961	2
4060	11836	2
4087	8978	2
4099	4131	2
4105	10939	2
4111	15832	2
4111	15832	2
412	807	2
412	15832	2
4126	13041	2
4129	4970	2
4135	4336	2
415	14584	2
4165	14098	2
4165	6294	2
4174	13060	2
418	492	2
418	3361	2
418	15832	2
418	15832	2
418	15832	2
418	13041	2
418	15832	2
418	15832	2
4186	10725	2
4207	14098	2
4207	6112	2
421	4977	2
4237	11154	2
424	15345	2
4258	14098	2
4264	4323	2
4282	9512	2
4285	4339	3
4294	4556	2
4297	12959	2
43	48	2
43	48	2
43	16011	2
43	48	2
43	48	2
43	48	2
43	48	2
43	48	2
43	48	2
43	48	2
43	48	2
43	48	2
430	647	2
4306	16010	2
4318	15578	2
433	10605	2
433	434	2
4336	14006	2
4336	15832	2
4339	5172	2
4339	15578	2
4348	15838	2
4348	4562	2
4357	16010	2
4357	5593	2
4360	4685	2
4360	5339	2
4360	16217	2
4360	4744	2
4369	9547	2
4381	9501	2
4381	4859	2
4387	4479	2
4393	5976	3
4393	9810	2
4393	15832	2
4393	5976	2
4411	11221	2
442	4872	2
4420	5326	2
4435	15832	2
4435	15832	2
4435	15832	2
4435	15832	2
4444	15618	2
4444	14386	2
445	15832	2
4489	13186	2
4513	5099	2
4513	16217	2
4540	4541	2
4540	10490	2
4546	16011	2
4546	16010	2
4546	6141	2
4552	5617	2
4567	5502	2
4567	5502	2
4582	16010	2
4588	13575	2
46	48	2
46	48	2
46	48	2
46	2505	2
460	16010	2
460	877	2
460	16010	2
4606	4607	2
4606	4607	3
4606	4607	2
4606	4607	2
4606	4607	2
4615	7595	2
4627	6717	2
4642	4643	2
4642	5248	2
4648	9628	2
4654	5818	2
4663	10943	2
4663	4981	2
4663	4981	2
4669	16217	2
4675	15832	2
4684	4826	2
4684	4826	2
4684	4824	2
4684	4826	2
4708	6758	2
4717	5124	2
4744	5339	2
4744	5339	2
4744	5339	2
475	533	2
475	2056	2
475	533	2
475	522	2
475	16217	2
4753	5243	2
4768	15471	2
4771	12946	2
4795	4952	2
4801	12925	2
481	740	2
481	740	2
4813	12946	2
4819	11029	2
484	604	2
4840	4849	2
4840	12925	2
4843	5155	2
4843	5155	2
4864	6192	3
4873	5262	2
4873	15832	2
4891	15832	2
4891	15832	2
49	4996	2
49	589	2
49	533	2
490	10490	2
490	2272	2
4906	16217	2
4906	16217	2
4924	4925	3
4924	5583	2
493	916	2
493	831	2
4942	5166	2
4945	7205	2
4948	6382	2
4969	16430	2
4969	6148	2
4969	12925	2
4975	10104	2
4990	13041	2
4993	6922	2
4996	10687	2
4996	12946	2
4996	5973	2
4996	13432	2
5011	14221	2
502	548	2
502	2238	2
502	961	2
5020	12981	2
5041	16010	2
5071	8592	2
5071	5472	2
5074	16011	2
5074	16010	2
5074	13079	2
511	14098	2
511	592	2
511	604	2
5116	14006	2
5116	10830	2
5122	10409	2
5122	16010	2
5125	14549	2
514	3856	2
5146	9555	2
5152	12996	2
5152	16431	2
5152	8978	2
5152	8978	2
5152	8831	2
5155	5156	2
5158	16010	2
5158	16011	2
5191	5921	2
5194	5230	2
5194	5230	2
52	1677	2
52	12925	2
5215	8691	2
5215	11809	2
523	2933	2
5230	5943	2
5230	9059	2
5230	5943	2
5230	5943	2
5239	10868	2
5248	16217	2
5257	9669	2
5257	16217	2
5305	13041	2
5317	16010	2
532	1958	2
532	1973	2
532	1316	2
5323	7751	2
5323	9260	2
5338	9765	2
535	587	2
535	6716	2
5356	6317	2
5377	10074	2
538	849	2
5395	5730	2
5425	9021	2
5425	13041	2
544	14098	2
544	604	2
544	16430	2
544	16010	2
544	570	2
5440	9969	2
547	549	2
547	1001	2
547	806	2
55	7336	2
55	12943	2
55	740	2
55	16217	2
550	976	2
5503	5915	2
553	4883	2
5533	5534	2
5563	8192	2
5578	16010	2
5590	9057	2
5593	13443	2
5617	9082	2
5644	8985	2
565	581	2
565	581	2
565	581	2
565	581	2
565	581	2
565	4416	2
5653	9696	2
5671	13847	2
5680	6046	3
5701	8985	2
571	1057	2
5722	7046	2
5728	5729	3
5728	5729	2
5728	8730	2
5728	5729	2
5728	5729	2
5728	5729	2
5728	5729	3
5728	5729	2
5728	5729	2
5728	5729	2
5728	5729	2
5728	13041	2
574	3261	2
5740	15832	2
5740	15832	2
5755	10420	2
5767	12981	2
5782	6266	2
5782	6266	2
5788	6810	2
5797	7646	2
580	8914	2
580	5434	2
5806	10515	2
5806	5807	2
5818	5819	2
5818	10413	2
583	3486	2
5833	11351	2
5875	6387	2
5884	16217	2
5884	16217	2
589	1146	2
589	10491	2
589	1393	2
589	604	2
589	16010	2
589	604	2
589	639	2
5902	14098	2
5908	6614	2
5908	16011	3
592	3995	2
592	16010	2
592	681	2
595	4363	2
595	16217	2
5956	8008	2
5962	6173	2
5968	12959	2
6007	16010	2
6034	10487	2
6037	11039	2
604	1121	2
604	809	2
6046	10446	2
6052	6582	2
6082	7540	2
6082	7540	2
6082	7540	2
6082	7540	2
6082	7540	3
61	89	2
61	89	2
610	2184	2
610	15832	2
610	9304	2
610	611	2
6109	13060	2
6112	8978	2
6118	15798	2
6118	14637	2
6148	10427	2
619	4824	2
6190	15832	2
6190	13041	2
6202	15618	2
6202	12943	2
622	789	2
6232	9617	2
6232	16011	2
6310	8978	2
6343	15273	2
6364	7988	2
6364	7988	2
637	8698	2
637	9617	2
6388	6543	2
640	878	2
640	8691	2
6403	10513	2
6403	12512	2
6403	10513	2
6406	6890	2
6406	10943	2
643	5434	2
6445	16010	2
6448	6449	2
646	1393	2
649	976	2
649	12984	2
649	10453	2
649	13017	2
649	16217	2
649	16217	2
652	1067	2
6526	16010	2
6565	15618	2
6583	8867	2
664	1327	2
664	1327	2
6655	15832	2
6655	7785	2
6691	13793	2
67	9541	2
67	68	2
670	7057	2
6715	16011	2
6715	16010	2
6748	11266	2
6751	6979	2
6751	6979	2
6793	8985	2
682	684	2
682	5339	2
682	14098	2
682	683	2
682	16011	2
682	683	2
682	684	3
685	2343	2
685	729	2
685	1281	2
685	1357	2
685	3345	2
685	1269	2
6853	13041	2
6892	16010	2
691	1163	2
6922	9579	2
694	4501	2
694	16010	2
6940	15033	2
6961	12925	2
6976	8978	2
6997	7041	2
6997	7041	2
7	39	2
70	563	2
7015	7676	2
7027	11301	2
703	846	2
703	14872	2
703	2271	2
703	14833	2
703	15832	2
703	15832	2
703	15618	2
703	907	2
7078	12925	2
7090	9520	2
7108	16011	2
7108	16010	2
7111	7893	2
712	947	2
7129	14098	2
715	12981	2
718	1043	2
7252	10984	2
7279	10531	2
7291	7482	2
7294	9585	2
730	731	2
730	1281	2
730	740	2
730	14098	2
730	731	2
7336	14933	2
7336	12775	2
7336	10554	2
7366	15345	2
7396	16010	2
7405	8509	2
742	6485	2
742	6485	2
7429	8978	2
7501	9586	2
751	789	2
751	9617	2
7537	16010	2
7543	16217	2
7543	10656	2
7552	8955	2
7561	10448	2
7564	10656	2
757	7766	2
76	451	2
7636	13041	2
766	813	2
766	1121	2
766	16010	2
766	16010	2
769	1034	3
769	1034	2
769	1034	2
769	1034	2
769	1034	2
769	1034	2
769	1034	2
769	1034	3
769	1034	4
769	1034	2
769	1034	2
769	1034	2
769	1034	2
769	1034	2
769	1034	2
769	1034	3
769	1034	2
769	1034	2
769	1034	2
7690	7962	2
7690	7962	2
772	961	2
772	10420	2
772	16010	2
772	1067	2
7744	8867	2
7744	8867	2
7750	9501	2
7756	9628	2
781	6343	2
7816	13041	2
7816	9402	2
7822	16217	2
784	1775	2
787	16011	2
7873	16010	2
7873	16011	2
7873	16010	2
7894	16010	2
79	16011	2
79	170	2
79	464	2
79	2238	2
79	2634	2
79	10831	2
79	3616	2
790	16011	2
7906	7907	2
7906	7907	2
7906	7907	2
7906	7907	2
7906	7907	2
7912	15832	2
7930	7931	2
7951	9155	2
7951	16217	2
796	1156	2
796	805	2
7960	10453	2
7975	13745	2
7975	8068	2
7975	15832	2
7975	15832	2
799	901	2
799	1003	2
7993	16010	2
8029	12925	2
8029	12925	2
805	16217	2
8065	10457	2
8068	9555	2
8068	9843	2
8068	15033	2
8068	9843	2
808	911	2
808	1355	2
808	16217	2
808	16217	2
808	16217	2
808	4883	2
808	16217	2
808	3312	2
8092	10125	2
8095	8978	2
811	1771	2
8128	8978	2
8131	10105	2
8155	10184	2
817	1281	2
8179	9168	2
8179	13021	2
82	16010	2
82	16010	2
82	16010	2
82	16011	2
82	407	2
820	12996	2
820	821	2
8203	10446	2
8227	8978	2
823	5122	2
829	14098	2
8317	10525	2
8317	16011	2
8317	16010	2
8317	16010	2
8317	16010	2
832	916	2
832	865	2
8362	9031	2
8452	12951	2
8452	12194	2
8542	13141	2
856	12935	2
856	15832	2
8566	16011	2
8566	15618	2
859	13318	2
8590	8831	2
8593	10598	2
8593	13041	2
8593	12929	2
8593	11110	2
8596	15618	2
8596	8978	2
8620	13041	2
865	1096	2
865	15832	2
865	16011	2
865	896	2
865	893	2
8668	8986	2
8668	9569	2
8689	14098	2
874	947	2
8743	8759	2
877	16010	2
877	16011	2
877	16010	2
877	16010	2
8794	10515	2
88	117	2
880	1124	2
880	3873	2
8884	10540	2
8899	8978	2
8914	10939	2
8914	11178	2
8932	9024	2
8932	10108	2
8947	8978	3
8959	9011	2
8959	9010	3
8959	9011	2
8959	9015	2
8959	9010	2
8959	9010	2
8965	9206	2
8977	8978	2
8986	10125	2
9010	14386	2
9010	9011	2
9010	9015	2
9010	9015	2
9010	9011	2
907	15832	2
907	15832	2
9079	9238	2
91	698	2
91	1144	2
910	10515	2
910	956	2
910	956	2
910	956	2
913	3130	2
913	15832	2
913	15832	2
913	15832	2
913	1198	2
9151	9879	2
9151	16430	2
916	10427	2
922	16217	2
9265	16010	2
931	956	2
931	1371	2
931	1101	2
94	201	2
94	101	2
9409	9410	2
9418	11630	2
943	16010	2
9442	10813	2
9448	14248	2
9520	12929	2
9541	10446	2
9547	9555	2
955	956	2
958	2383	2
9580	9606	2
9586	11154	3
9586	11154	3
9586	11154	8
9586	11154	2
9586	11154	2
961	16217	2
961	1024	2
961	12925	2
961	1067	2
9613	10267	2
9634	9682	2
9664	10967	2
9664	9669	2
9664	9669	2
9664	9669	3
9664	9669	2
9664	9669	2
9664	9669	5
9685	16011	2
9688	9692	2
973	15618	2
976	8978	2
976	10446	2
9775	9777	2
9775	9777	2
9775	9777	2
9799	10491	2
9802	14345	2
9802	13258	2
982	4209	2
9823	12935	2
985	990	2
985	990	2
9877	11617	2
9907	16217	2
9907	16217	2
9907	16217	2
9907	16217	2
9907	16217	3
9907	10476	2
991	14933	2
9931	10943	2
9994	10546	2
