0	48	2
0	32	2
0	1	2
0	39	2
0	32	2
10017	15832	2
10017	10259	2
10017	10510	2
1002	3482	2
1005	1393	2
10059	10125	2
10074	13200	2
10074	16010	2
1008	1198	2
10122	10135	2
10125	10132	2
1014	1015	2
10140	10170	2
10170	10195	2
10188	16011	2
10188	10228	3
10188	10548	2
1020	2238	2
1020	13041	2
1020	15832	2
10209	10498	2
10254	14860	2
1026	2406	2
1026	1783	2
1026	1146	2
10410	12547	2
10419	12693	2
10419	15832	2
10419	10653	2
10425	16010	2
10428	10546	2
10434	10442	2
10440	10441	2
10440	10515	2
10440	12935	2
10440	14098	2
10440	10441	2
10440	10515	2
10446	14098	2
10446	13012	2
10446	12925	2
10449	10605	2
10470	16010	2
10476	12503	2
10476	12842	2
10476	12946	2
10491	12503	2
10491	12946	2
10491	16010	2
10491	16010	2
105	225	2
105	6932	2
10506	12925	2
10515	13041	2
10515	13041	2
10515	13041	2
10515	13041	2
10515	10551	2
10515	13334	2
10515	10551	3
10515	14386	2
10515	10551	3
10515	16217	2
10515	10551	2
10515	16217	2
10527	10556	2
10527	10556	3
1053	14099	2
1053	1327	2
10533	10831	2
10533	10932	2
10533	10932	2
10533	10932	2
10533	10831	2
10533	10831	2
10533	10932	2
10533	15832	2
10533	10831	2
10533	10831	2
10533	10831	2
10533	10831	2
10533	10831	2
10533	10831	2
10533	10831	2
10533	10831	2
10548	10581	2
10551	16217	2
10551	16010	2
10551	14098	2
10551	14098	2
10551	16010	2
10551	12508	2
10554	16217	2
10554	10605	2
10554	12503	2
1056	9540	2
1056	4209	2
10584	16010	2
10599	11503	2
10605	10623	2
10623	10691	2
10623	10691	2
10623	10691	2
10623	10803	2
10635	12925	2
10647	15459	2
1065	14827	2
10650	11970	2
10650	14386	2
10653	16011	2
10656	16010	2
10656	16010	2
10656	16010	2
10656	16010	2
10656	16010	2
10656	16010	2
10656	11794	2
10656	13041	2
10656	13041	2
10656	10868	2
10656	11252	2
10668	10710	2
10668	10683	2
10674	12946	2
10677	14098	2
10677	10758	2
10677	14098	2
10677	16010	2
1068	4141	2
1068	4141	2
10683	11122	2
10683	12946	2
10704	11601	2
10707	10842	2
1071	12607	2
10710	10812	2
10725	14549	2
10725	14549	2
10731	11638	2
10731	10868	2
10734	14656	3
10764	15832	2
10779	16010	2
10788	12984	2
10788	16217	2
10797	10798	2
108	123	2
108	548	2
108	13041	2
1080	1269	2
1080	1269	2
1080	1269	2
1080	2926	2
1080	1380	2
1080	1379	2
10809	12060	2
10809	11397	2
10815	12933	2
10815	16010	2
10818	13107	2
10818	16011	2
1083	16010	2
1083	1269	2
10830	10914	3
10860	11692	2
10860	11692	2
10860	11692	3
10860	11692	2
10860	13464	2
10860	11692	2
10860	11692	2
10860	11692	2
10860	11692	2
10890	12984	2
10890	12671	2
10902	16217	2
10902	16217	2
10917	13041	2
10917	13041	2
10917	13041	2
10932	14029	2
10932	15832	2
10947	11325	2
10947	11699	2
10965	16010	3
10965	10966	2
10965	16010	2
10977	15798	2
1101	2115	2
11037	13150	2
1107	7988	2
1107	2184	2
1107	3046	2
1107	1384	2
11076	14099	2
111	1549	2
111	112	2
11112	13001	2
11133	11316	3
11241	12925	2
11259	11261	2
11295	11692	2
11295	11692	3
11295	11692	2
11295	11692	2
11295	11692	2
11298	12465	2
1131	3660	2
11325	11699	2
1143	2983	2
11454	13041	3
1146	2988	2
1146	3616	2
1146	3616	2
1146	3616	2
1146	1715	2
1146	3616	2
1146	12925	2
1146	10128	2
1146	3616	2
1146	10515	2
1146	16217	2
1146	3616	2
1146	3616	2
11460	12491	2
1149	1150	2
1152	2987	2
1152	7540	2
11523	11579	2
11523	11645	2
11523	11645	2
1155	3716	2
1158	1393	2
11598	15832	2
11607	11764	2
1161	1198	2
11643	11645	5
11649	13041	2
11649	13041	2
11679	12981	2
11688	11695	4
11688	11695	2
11691	15832	2
117	976	2
117	15832	2
117	976	2
117	384	2
11709	14386	2
1176	2024	2
11760	11780	3
11793	14098	2
11799	14248	2
11841	15832	2
11841	16010	2
11856	12951	2
1188	15832	2
1188	15832	2
11889	13182	2
11952	11998	2
11952	12946	2
11952	16217	2
11970	12925	3
11970	13120	2
12	41	2
12	39	2
12	48	2
12	39	2
12	39	2
12	48	2
12	48	2
12	39	2
12	32	2
12	39	2
12	39	2
12	32	2
12	368	2
12	39	2
12	39	2
12	41	2
12	39	2
12	493	2
12	48	2
1200	10555	2
12027	12048	2
12027	12168	2
1203	3914	2
1203	10674	2
12036	14098	2
12048	12168	2
1206	1765	2
12060	12991	2
12078	12101	2
12141	14872	2
12159	12161	2
12159	12160	2
12162	12164	4
12168	14933	2
1218	4451	2
123	310	2
123	186	2
123	168	2
123	15832	2
123	16217	2
123	16010	2
1239	16217	2
1239	3221	2
1242	13157	2
1245	3292	2
12525	12551	2
12531	16217	2
1254	1575	2
12543	12554	3
12567	16217	2
12567	13383	2
1257	16010	2
12573	12618	2
12585	12586	2
126	1004	2
12600	12607	2
1269	1380	2
1269	1378	2
1269	1378	2
1269	10420	2
1269	1378	2
12732	16011	2
12732	16010	3
1275	14098	2
1281	1808	2
1281	3513	2
1281	4398	2
1281	1327	2
12831	15832	2
12855	12984	2
12858	13347	2
12858	14098	2
12873	16010	2
1290	1355	2
1290	15832	2
12918	12980	2
12918	12979	2
12921	14099	2
12921	14099	2
12933	16217	2
12933	14098	2
12933	12946	2
12951	15832	2
12951	16217	2
1296	2168	2
12960	13259	2
12984	13608	2
12984	13107	2
12996	13017	2
12996	13043	2
12996	14872	2
12999	16431	2
13002	14098	2
13002	14098	2
13017	16217	2
13032	14019	2
13032	14005	2
13032	13334	2
13032	16217	2
13032	16217	2
13032	13041	2
13035	13505	2
13041	15578	2
13041	15578	2
13041	15578	2
13041	14040	2
13041	15618	2
13041	15578	2
13041	15618	2
13041	15578	2
13041	14040	2
13041	15578	2
13047	13443	2
13056	16010	2
13056	16010	2
13056	16010	2
13062	16010	2
13068	16010	2
13074	13533	2
13074	14933	2
13074	14025	2
13077	13510	2
1308	3553	2
1308	8317	2
1311	16010	2
1311	16010	2
13113	13277	2
13113	13189	2
13113	13277	2
13122	13152	2
13125	13443	2
13131	15832	2
13137	13861	3
13152	13372	2
13152	14098	2
13152	16010	2
13152	14098	2
13155	15618	2
13182	16217	2
13182	14098	2
13188	13212	2
13188	13212	3
13188	13212	2
13188	13212	2
13188	13212	2
13203	14098	2
13203	14229	2
13227	15618	2
13227	15119	2
13242	13271	2
13242	13805	2
1326	1327	2
1332	2742	2
1332	15832	2
1332	1981	2
1332	15832	2
13335	16217	2
13335	16217	2
13335	14099	2
1338	1339	2
13437	16217	2
1344	1439	2
1344	1814	2
13443	15832	2
13443	15832	2
13443	15832	2
13443	16217	3
13443	15618	2
13443	16217	2
13443	16011	2
13464	13608	2
13485	16010	2
13494	13736	2
13518	16217	2
13536	14574	2
13536	13702	2
13536	13695	2
13548	15832	2
13551	14099	2
13557	14628	2
13557	15618	2
13557	14894	2
1359	14098	2
13602	13616	2
13602	13603	2
13602	13786	2
13602	16010	2
13602	13616	2
13602	14098	2
13602	13603	2
13602	16057	2
13647	13648	2
1368	3270	2
13680	14612	2
13770	14064	2
13785	15019	2
13794	13833	2
1380	16217	2
13800	14099	2
13800	14005	2
13899	13900	2
1395	4779	2
1398	3411	2
13998	14099	2
14001	16010	2
14019	14386	3
14025	14040	2
14040	14098	2
14040	14099	2
14040	15618	2
14067	14074	2
14067	14074	2
1407	2371	2
14097	14098	2
1410	4143	2
14100	14101	2
14121	16217	2
14178	15618	2
14190	15185	2
14205	15402	2
14205	14738	2
14214	14386	2
1425	2544	2
1428	10551	2
14280	15492	2
14280	15492	2
14280	15492	2
14280	15492	2
14280	15616	2
1431	1432	2
1434	2697	3
1434	2552	2
14355	15397	2
14373	16217	2
1440	1809	2
1443	2697	2
14478	15033	2
14484	16010	2
1455	16011	2
1455	16011	2
14568	15017	2
14589	14590	2
14616	15832	2
14634	15832	2
14634	15832	2
14634	15832	2
14634	15832	5
14634	15832	2
14634	15832	3
14634	15036	2
14634	15832	3
14634	14637	2
14634	14637	3
14637	15832	2
14637	15385	2
14655	15832	2
147	2276	2
147	251	2
147	772	2
147	413	2
147	390	2
147	179	2
1473	3279	2
1473	4203	2
1476	11191	2
1476	1538	2
1479	13581	2
1479	16217	2
1479	6956	2
14808	15017	2
14808	15054	2
14808	15137	2
1482	12925	2
14871	15046	2
14913	14954	2
14913	14954	3
14913	14954	2
14913	14954	2
14913	14954	2
14913	14954	3
14913	15832	3
14913	14954	6
14913	15832	2
14913	15832	2
14913	14954	2
14925	14941	2
14943	15659	2
14943	15411	2
1497	4433	2
1497	15832	2
1497	15832	3
15	39	2
15	39	2
15	39	2
15	39	2
15	32	2
15	39	2
15	39	2
15	39	2
15	39	2
15	39	2
150	1160	2
150	14098	2
150	237	2
15012	15832	3
1503	2184	2
15033	16010	3
15033	16011	2
15033	16010	3
15033	16010	2
15033	16010	3
15036	15832	2
15036	16011	2
15036	16010	2
15036	16011	2
15039	15618	2
15051	15052	2
15054	15137	2
15054	15137	2
15054	15137	2
15060	15077	2
15087	15208	2
15099	16010	2
15099	16010	2
15099	16011	2
15126	15492	2
15126	15198	2
15141	16217	2
15141	16010	2
1515	2630	2
15159	16010	2
15159	16010	2
15159	16011	2
15171	16010	2
15189	15832	2
15198	15264	3
15213	15234	2
15219	15259	2
15219	15222	2
15219	15225	2
15222	15259	2
15222	15259	3
15225	16010	2
15234	15235	2
1524	2524	2
15240	15244	2
15240	15244	2
15246	16010	2
15246	15332	2
15252	15261	2
1527	1543	2
15273	16431	2
15273	16431	2
15273	16430	2
15273	16430	2
15291	15618	3
153	534	2
153	1126	2
1530	1542	2
1533	1534	2
1533	1534	2
1533	1534	3
1533	1534	2
1533	1534	2
15345	16217	2
15345	16217	3
15345	16217	2
15345	16217	2
15345	16217	2
15345	16010	2
1536	13464	2
15414	15443	2
1542	4613	2
15447	16217	2
15459	16217	2
15459	16010	3
15459	15832	3
15471	15618	2
15471	15669	2
1551	13786	2
15513	16010	2
1557	16010	2
15585	16010	2
15585	16011	2
156	16217	2
156	1616	2
156	3964	2
156	8978	2
15618	16010	2
15618	16217	3
15618	16217	2
15618	16010	3
15618	16010	2
15618	16010	2
15618	16010	2
15618	16010	2
15618	16010	4
15618	16217	2
15618	16010	2
15618	16217	2
15618	16011	2
15618	16010	2
15618	16217	2
15618	16010	2
15618	16010	2
15618	16217	2
15618	16010	2
15618	16010	3
15618	15832	2
15618	15675	2
15618	15832	4
15618	15832	3
15636	15832	2
15639	16220	2
15642	16011	2
15675	16092	2
15681	15832	2
15681	16010	2
1569	10739	2
1569	6075	2
1575	1814	2
1578	1609	2
1578	2053	2
15792	16010	2
15798	15832	2
15798	15832	5
15798	15832	5
15798	15832	2
15798	15832	3
15798	15832	7
15798	16010	2
15798	15832	2
15798	15832	2
15798	16010	2
15798	16010	2
15798	16010	2
15798	16011	2
15798	16010	2
15798	16010	2
15798	16010	2
15801	15832	2
15813	15832	3
15819	16010	2
15819	15832	2
15819	15832	4
15825	15832	3
15843	15845	2
1587	10420	2
15879	16010	2
15879	16217	3
15879	16217	2
15879	16430	2
15879	16217	2
15879	16217	2
15879	16217	4
15879	16010	3
159	3202	2
159	9304	2
1590	15832	2
1590	14386	2
1590	12925	2
1596	2069	2
15978	16217	2
15981	16010	2
15984	16033	2
15996	16010	2
16005	16010	2
16005	16010	3
16011	16013	2
16011	16013	2
16011	16013	3
16011	16044	2
16011	16013	2
16011	16013	5
16011	16013	2
16011	16013	2
16011	16015	2
16011	16013	2
16035	16155	2
16056	16057	2
16056	16057	3
16086	16217	3
16092	16217	2
1611	12929	2
1614	3131	2
1614	2440	2
16155	16217	3
16155	16217	2
16155	16217	4
16155	16217	3
16155	16217	2
16155	16217	3
16155	16217	2
16155	16217	2
16155	16217	2
16155	16217	4
16155	16217	3
16155	16217	2
16155	16217	11
16155	16217	9
16155	16217	2
16155	16217	2
16155	16217	3
16182	16187	2
16239	16323	2
16242	16310	2
16245	16246	3
16245	16246	5
16272	16277	2
16311	16431	2
1641	16430	2
165	166	2
165	167	2
165	166	2
165	167	2
165	167	2
165	166	2
1650	2168	2
1659	14098	2
1677	4698	2
1677	1814	2
168	237	2
168	237	2
1680	1681	2
1680	1681	2
1683	4753	2
1686	5147	2
1686	3856	2
1698	16217	2
1698	2238	2
1698	13041	2
1701	15832	2
1701	15832	2
1701	15832	3
1704	2080	2
1704	13041	2
1713	16217	2
1740	1804	2
177	682	2
1773	12925	2
1776	5215	2
1779	15675	2
1782	1812	2
1794	15832	2
1797	16010	2
18	490	2
18	39	2
18	39	2
18	39	2
18	38	2
18	39	2
18	39	2
18	48	2
18	39	2
18	39	3
18	39	2
18	39	2
18	39	2
18	15832	2
18	48	2
18	39	2
18	89	2
18	39	2
18	39	2
18	39	2
18	39	2
18	39	2
18	2151	2
18	39	2
18	39	2
1803	2943	2
1806	2051	2
1809	1831	2
1809	2006	2
1812	1814	2
1815	10611	2
1818	1819	2
1818	1819	2
1818	1819	2
1818	10442	2
1818	1819	2
1818	3311	2
1818	3311	2
1818	1819	2
1818	1819	2
1818	1819	2
1818	1819	2
1818	1819	2
1818	1819	2
1818	3311	2
1818	1819	2
1818	3311	2
1818	1819	2
1818	10446	2
1818	3311	2
1818	1819	2
1818	1819	2
1821	11794	2
1833	4994	2
1842	1877	2
1842	1877	2
1848	1872	2
1851	2080	2
1854	1859	2
186	345	2
186	237	2
186	286	2
1860	15264	2
1872	2011	2
1881	5152	2
1884	13041	2
1896	3330	2
1899	5468	2
1905	2009	2
1908	4070	2
1908	7938	2
1914	2651	2
1929	2004	2
1929	2271	2
1947	2638	2
195	3086	2
195	14098	2
1956	16010	2
1959	5902	2
1959	5902	2
1959	5902	2
1971	3784	2
1971	2011	2
1977	2176	2
198	12277	2
198	9527	2
198	1852	2
198	623	2
1983	3594	2
1989	9555	2
1992	15578	2
2007	2012	2
201	208	2
201	759	2
2010	4513	2
2037	7895	2
204	9617	2
204	16431	2
2043	2890	2
2046	2626	2
2046	2168	2
2052	13174	2
2061	13786	2
2064	2800	2
207	956	2
2091	16217	2
2097	14098	2
210	2437	2
210	16217	2
210	16010	2
2100	6128	2
2103	15832	2
213	16217	2
213	13041	2
213	272	2
2133	4407	2
2160	10515	2
2160	2406	2
2160	7129	2
2184	15832	2
2184	15618	2
2184	15832	2
2184	16011	2
2184	12959	2
2184	2188	2
2184	16010	2
2199	16217	2
2208	16217	2
2208	2225	2
2208	13041	2
222	1269	2
222	1067	2
2238	10195	2
2238	2353	2
2238	14099	2
2238	14386	2
2241	2480	2
2241	3106	2
225	1930	2
225	270	2
225	15033	2
225	5108	2
225	237	2
225	242	2
225	2238	2
225	16217	2
225	12996	2
225	310	2
225	259	2
225	286	2
225	237	2
225	806	2
225	15832	2
225	15832	2
225	271	2
225	267	2
225	270	2
225	497	2
2250	10995	2
228	677	2
228	956	2
228	1355	2
228	1938	2
228	338	2
2304	2747	2
2310	16217	2
2313	16010	2
2319	16010	2
2322	3316	2
2325	2327	2
2325	16011	2
2325	16010	2
2325	5531	2
234	236	2
234	533	2
234	286	2
2343	2965	2
2364	14574	2
237	16011	2
237	16010	2
237	592	2
237	16011	2
237	16217	2
237	249	2
237	16430	2
237	249	2
237	475	2
2373	9510	2
2388	12473	2
2391	2958	2
24	48	2
2406	2991	2
2406	3616	2
2406	14061	2
2412	2830	2
2415	8043	2
243	245	2
243	5405	2
2430	4698	2
2430	4630	2
2436	2793	2
2442	2495	2
2472	10611	2
2481	4686	2
249	1144	2
249	255	2
249	16011	2
249	1034	2
249	475	2
249	2064	2
2490	4411	2
2493	2792	2
2496	12982	2
2505	2538	2
2505	16217	2
2505	16217	2
2505	16217	2
2514	5405	2
2520	7219	2
2520	16217	2
2520	16217	2
2520	4027	2
2520	6489	2
2523	6200	2
2541	3083	3
2544	14098	2
2547	2633	2
255	682	2
255	2383	2
255	1376	2
255	13041	2
2550	8985	2
2574	12982	2
258	310	2
258	16217	2
258	310	2
2592	3454	2
2595	16217	2
2601	2875	2
261	846	2
261	14099	2
261	1004	2
2610	4787	2
2622	3774	2
2622	5534	2
2625	15832	2
2625	15832	2
2625	2634	2
2625	2634	2
2625	2634	2
2631	13556	2
2634	15832	2
2634	4697	2
2634	2714	2
264	16010	2
264	16010	2
264	286	2
264	405	2
264	548	2
264	7671	2
2649	10442	2
2667	4237	2
267	677	2
2673	15832	2
2685	3462	2
27	41	2
27	39	3
27	39	2
27	48	2
270	271	2
270	271	2
270	271	2
270	271	2
270	271	2
270	271	2
270	271	2
270	271	2
270	271	2
270	2238	2
270	271	2
270	271	2
270	271	2
270	271	2
270	271	2
270	271	2
270	271	2
270	271	2
270	271	2
270	271	2
270	271	2
270	271	2
270	271	2
270	271	2
270	271	2
270	271	2
270	271	2
270	271	2
270	271	2
270	2238	2
270	16217	2
270	1327	2
270	271	2
270	271	2
270	271	3
270	271	2
270	271	2
270	271	2
270	271	3
270	271	2
270	271	2
270	271	2
2712	2769	2
2715	4548	2
2754	10656	2
2754	5774	2
2754	16217	2
276	449	2
276	438	2
2763	4994	2
2763	15033	2
2769	2771	2
2769	16217	2
2787	2858	2
279	424	2
279	16217	2
2793	3179	2
2796	16217	2
2796	3580	2
2796	3836	2
2814	4280	2
282	4013	2
282	878	2
2826	13139	2
285	4032	2
285	1619	2
2853	2874	2
2853	2873	2
2853	2854	2
2853	2874	2
2856	16430	2
2868	8335	2
2874	4720	2
2874	2878	2
2874	4209	2
2877	4344	2
2880	13041	2
2892	3333	2
2895	3502	2
2895	11671	2
2898	3174	2
2910	5122	2
2916	2933	2
2919	5968	2
2943	14099	2
2946	3973	2
2946	3537	2
2946	3535	2
2946	3537	2
2949	16217	2
2955	3521	2
2958	16010	2
2958	16010	2
2958	16011	2
2958	16010	2
2961	12693	2
297	544	2
297	544	2
2970	12973	2
2976	3026	2
2988	3482	2
2988	4226	2
2988	7949	2
2988	4226	2
2988	12946	2
2991	4899	2
2991	16217	2
2994	13041	2
2994	13041	2
2997	15832	2
2997	15832	2
30	48	2
30	39	2
30	31	2
30	39	2
30	170	2
30	31	2
30	39	2
30	39	2
30	39	2
30	48	2
30	39	2
30	31	2
30	32	2
30	39	2
30	31	2
30	4642	2
30	39	2
30	31	2
30	32	2
30	39	2
30	39	2
30	38	2
30	39	2
3012	3774	2
3021	3055	2
3021	3055	2
3021	3055	2
3021	3055	2
3021	5339	2
3021	3055	2
3021	11325	3
3021	5339	2
3021	3055	2
3021	3055	2
3021	3055	2
3021	3055	2
3033	3202	2
3039	14098	2
3057	4105	2
3060	5289	2
3072	3808	2
3075	3106	2
3084	3085	2
309	1269	2
309	1380	2
309	398	2
3102	10779	2
312	2797	2
312	16010	2
3120	4202	2
3132	3395	2
3132	3724	2
3135	5472	2
3189	4899	2
3189	12983	2
3189	16217	2
3201	5908	2
3219	16010	2
3219	3369	2
3237	14098	2
3246	6398	2
3258	5836	2
3258	14098	2
3270	4572	2
3273	5276	2
3276	3772	2
3291	14007	2
3294	3315	2
33	15832	2
330	16217	2
3303	3306	2
3303	3304	2
3303	3304	2
3303	3306	2
3315	3676	2
3315	15832	2
3315	16010	2
3315	14933	2
3315	15832	2
3318	5859	2
3318	6224	2
3318	3321	2
3321	4655	2
3321	12959	2
3321	8317	2
3324	16430	2
3324	16430	2
3342	16217	2
3345	4131	2
3351	4501	2
3351	16011	2
3354	4883	2
3366	16217	2
3369	5618	2
3375	14933	2
3402	3535	2
3402	3537	2
3402	3535	2
3402	3535	2
3402	3535	2
3402	3535	2
3402	3535	2
3402	3537	2
3402	3535	2
3402	3537	2
3402	3535	2
3402	3537	2
3402	3535	2
3402	3535	2
3402	3537	2
3402	3537	2
3402	3535	2
3402	3535	2
3402	3537	2
3402	3535	2
342	1417	2
3435	7205	2
3435	5771	2
3435	6583	2
3435	5051	2
3441	14098	2
345	16431	2
3456	4731	2
3462	14390	2
3465	16217	2
3465	13032	2
348	352	2
348	352	2
348	352	2
3483	4932	2
3486	4209	2
3495	4557	2
3495	12929	2
3504	16010	2
3504	10699	2
351	389	2
351	10446	2
3510	14386	2
3513	14933	2
3528	4824	2
3528	3529	2
3528	13315	2
354	356	2
3540	4148	2
3540	3541	2
3540	3541	2
3540	3772	2
3540	14099	2
3546	14098	2
3546	5215	2
3546	16431	2
3561	15832	2
3573	4000	2
3573	14933	2
3579	8508	2
3579	4176	2
36	38	2
36	38	2
36	38	2
36	38	3
36	38	2
36	38	2
36	38	2
36	38	3
36	38	2
36	38	2
36	38	2
36	38	3
36	38	2
36	38	2
36	38	2
36	38	2
36	38	2
36	38	2
36	38	2
36	38	2
36	39	2
36	38	3
36	38	2
36	38	2
36	38	2
36	38	2
36	38	2
36	38	2
36	38	2
36	38	2
36	38	2
36	38	2
36	38	2
36	38	2
36	38	2
36	38	2
36	38	2
36	38	2
36	39	2
36	38	2
36	38	3
36	38	2
36	38	2
36	38	2
36	38	3
36	38	2
36	38	2
36	38	2
36	38	2
36	38	2
36	38	3
36	38	2
36	38	2
36	38	2
36	38	2
36	38	2
36	38	2
36	38	2
36	38	2
36	38	2
36	38	3
36	41	2
36	38	2
36	38	2
36	39	2
36	38	2
36	38	2
36	38	2
36	38	2
36	38	2
36	38	2
36	38	3
36	38	2
36	38	2
36	38	2
36	38	2
36	38	2
36	38	2
36	38	2
36	38	2
36	38	2
36	38	2
36	38	2
36	38	2
36	38	2
36	38	2
36	41	2
36	38	2
36	38	2
36	38	2
36	38	2
36	38	2
36	38	2
36	38	2
36	38	2
36	41	2
36	48	2
36	38	2
36	38	2
36	38	2
36	38	2
36	38	2
36	38	2
36	38	2
36	38	2
36	38	3
36	38	2
36	38	2
36	38	2
36	38	2
36	38	2
36	38	2
36	38	2
36	38	2
36	38	2
36	38	2
36	39	2
36	38	3
36	38	2
36	38	2
36	38	3
36	38	2
36	38	3
36	38	2
36	38	2
36	38	2
36	38	2
36	38	2
36	38	2
36	38	2
36	38	2
36	2914	2
36	38	2
36	38	2
36	38	3
36	38	2
36	89	2
36	39	2
36	38	2
36	38	2
36	38	2
36	38	2
36	38	2
36	38	3
36	39	2
36	38	2
36	38	2
36	38	2
36	38	2
36	39	2
36	39	2
36	38	2
36	38	2
36	38	2
36	39	3
36	38	2
36	38	2
36	38	3
36	38	2
36	38	2
36	38	2
36	39	2
36	38	2
36	38	3
36	38	2
36	38	2
36	38	3
36	65	2
36	38	2
36	38	2
36	38	2
36	39	2
36	38	2
36	38	2
36	38	2
36	38	2
36	38	2
36	38	2
36	38	2
36	38	2
36	38	2
36	38	2
36	38	2
36	38	2
36	38	3
36	38	2
36	38	2
36	38	2
36	38	2
36	38	3
36	38	2
36	38	2
36	38	2
36	38	2
36	38	2
36	38	2
36	38	2
36	38	2
36	38	2
36	38	2
36	38	2
36	38	2
36	38	2
36	38	2
36	38	2
36	38	2
36	38	2
36	38	2
36	38	2
36	38	2
36	38	2
36	38	2
36	38	3
36	38	2
36	38	2
36	38	2
36	38	2
36	38	3
36	38	2
36	38	2
36	38	2
36	38	2
36	38	2
36	39	2
36	38	2
36	38	2
36	38	3
36	38	2
36	38	2
36	337	2
36	38	2
36	38	2
36	38	2
36	38	2
36	38	2
36	38	2
36	38	3
36	38	2
36	38	2
36	48	2
36	38	2
36	38	2
36	9806	2
36	38	2
36	38	3
36	38	2
36	38	2
36	48	2
36	41	2
36	39	2
36	38	2
36	38	2
36	38	2
36	38	2
36	38	2
36	38	2
36	38	2
36	38	2
36	38	2
36	38	2
36	39	2
36	38	2
36	38	2
36	38	2
36	38	2
36	39	2
36	48	2
36	38	2
36	39	2
36	39	2
36	38	2
36	38	3
36	38	2
36	38	2
36	39	2
36	38	2
36	38	2
36	39	2
36	38	2
36	38	2
36	38	2
36	38	2
36	38	2
36	39	2
36	48	2
36	39	2
36	38	2
36	38	2
36	38	2
36	38	2
36	38	2
36	38	2
36	38	2
36	38	2
36	38	2
36	38	2
36	39	2
36	38	2
36	38	2
36	38	2
36	38	2
36	38	2
36	38	2
36	39	2
36	38	2
36	38	3
36	38	2
36	38	2
36	38	2
36	38	2
36	38	2
36	38	2
36	39	2
36	38	2
36	38	2
36	48	2
36	38	2
36	38	2
36	38	2
36	38	2
36	38	2
36	38	2
36	38	2
36	38	2
36	38	3
36	38	2
36	38	3
36	38	2
36	38	3
36	38	2
36	38	2
36	38	2
36	38	2
36	38	2
36	38	4
36	38	2
36	38	2
36	38	2
36	38	2
36	39	2
36	38	3
36	38	2
36	38	2
36	48	2
36	38	2
36	38	2
36	38	2
36	38	2
36	237	2
36	38	2
36	38	3
36	38	2
36	38	2
36	38	2
36	38	2
3606	13557	2
3633	3867	2
3633	13588	2
3636	8978	2
3636	16010	2
3636	16010	2
3636	16011	2
3660	16010	2
3660	16010	2
3690	5472	2
3690	5472	2
3690	5472	2
3690	5472	2
3690	5472	2
3693	3735	2
3693	3735	2
3693	3735	2
3693	3735	2
3693	3977	2
3696	16217	2
372	3569	2
3735	3977	2
3735	12925	2
3735	15618	2
3735	13041	2
3756	4113	2
3756	11780	2
3756	13413	2
3759	16217	2
3759	16217	2
3759	16217	2
3762	13041	2
3768	4251	2
3783	6602	2
3801	5268	2
381	947	2
3816	8899	2
3849	15832	2
3861	16010	2
3870	4336	2
3879	15832	2
3882	4435	2
3882	9137	2
39	41	2
39	41	2
39	41	2
39	48	2
39	41	2
39	48	2
39	41	2
39	41	2
39	48	2
39	41	2
39	41	2
39	41	2
39	41	2
39	41	2
39	48	2
39	41	2
39	48	2
39	41	2
39	41	2
39	41	2
39	48	2
39	48	2
39	41	2
39	41	2
39	41	2
39	48	2
39	48	2
39	41	2
39	48	2
39	41	2
39	48	2
39	41	2
39	41	2
39	48	2
39	48	2
39	48	2
39	48	2
39	41	2
39	48	2
39	41	2
39	41	2
39	41	2
39	48	2
39	48	2
39	41	2
39	48	2
39	48	2
39	48	2
39	41	2
39	48	2
39	48	2
39	48	2
39	41	2
39	48	3
39	48	2
39	48	2
39	48	2
39	41	2
39	41	2
39	41	2
39	41	2
39	41	2
39	48	2
39	48	2
39	48	2
39	41	2
39	48	2
39	48	2
39	41	2
39	48	2
39	41	2
39	41	2
39	48	2
39	41	2
39	41	2
39	41	2
39	41	2
39	5461	2
39	41	2
39	41	2
39	41	2
39	48	2
39	41	2
39	41	2
39	41	2
39	41	2
39	41	2
39	48	2
39	41	2
39	41	2
39	48	2
39	41	2
39	48	2
39	41	2
39	48	2
39	41	2
39	41	2
39	48	2
39	48	2
39	41	2
39	48	2
39	48	2
39	41	2
39	48	2
39	48	2
39	41	2
39	48	2
39	41	2
39	41	2
39	41	2
39	48	2
39	48	2
39	41	2
39	41	2
39	48	2
39	48	2
39	48	2
39	41	2
39	41	2
39	41	2
39	48	2
39	48	2
39	48	2
39	41	2
39	41	2
39	48	2
39	41	2
39	41	2
39	48	2
39	41	2
39	41	2
39	48	2
39	41	2
39	48	2
39	41	2
39	41	2
39	48	2
39	41	2
39	5351	2
39	41	2
39	41	2
39	48	2
39	48	2
39	41	2
39	48	2
39	41	2
39	41	2
39	41	2
39	48	2
39	41	2
39	41	2
39	48	2
39	41	2
39	41	2
39	41	2
39	41	2
39	48	2
39	41	2
39	41	2
39	41	2
39	41	2
39	41	2
39	48	2
39	48	2
39	41	2
39	41	2
39	41	2
39	41	2
39	41	2
39	48	2
39	41	2
39	41	2
39	41	2
39	41	2
39	41	2
39	41	2
39	41	2
39	41	2
39	41	2
39	41	2
39	41	2
39	41	2
39	41	2
39	41	2
39	41	2
39	41	2
39	41	2
39	48	2
39	41	2
39	41	2
39	41	3
39	41	2
39	48	2
39	48	2
39	48	2
39	41	2
39	41	2
39	41	2
39	41	2
39	677	2
39	41	2
39	41	2
39	41	2
39	41	2
39	41	2
39	48	2
39	41	2
39	48	2
39	41	2
39	41	2
39	41	2
39	41	2
39	41	2
39	41	2
39	41	2
39	41	2
39	41	2
39	48	2
39	48	2
39	41	2
39	48	2
39	48	2
39	48	2
39	41	2
39	48	2
39	41	2
39	41	2
39	41	2
39	41	2
39	48	2
39	48	2
39	41	2
39	41	2
39	48	2
39	41	2
39	48	2
39	48	2
39	48	2
39	41	2
39	48	2
39	48	2
39	48	2
39	48	2
39	41	2
39	48	2
39	41	2
39	41	2
39	48	2
39	41	2
39	48	2
39	48	2
39	48	2
39	41	2
39	48	2
39	48	2
39	41	2
39	48	2
39	41	2
39	48	2
39	48	2
39	48	2
39	48	2
39	41	2
39	41	2
39	48	2
39	41	2
39	48	2
39	48	2
39	48	2
39	41	2
39	41	2
39	41	2
39	41	2
39	48	2
39	48	2
39	48	2
39	41	2
39	41	2
39	48	2
39	48	2
39	48	2
39	48	2
39	48	2
39	48	2
39	48	2
39	48	2
39	41	2
39	41	2
39	48	2
39	48	2
39	41	2
39	41	2
39	48	2
39	48	2
39	41	2
39	41	2
39	48	2
39	48	2
39	48	2
39	48	2
39	41	2
39	48	2
39	41	2
39	48	2
39	41	2
39	41	2
39	41	2
39	48	2
39	41	2
39	41	2
39	48	2
39	41	2
39	48	2
39	41	3
39	48	2
39	48	2
39	48	2
39	41	2
39	41	2
39	48	2
39	41	2
39	48	2
39	48	2
39	41	2
39	41	2
39	48	2
39	41	2
39	41	2
39	48	2
39	48	2
39	48	2
39	48	2
39	48	2
39	48	2
39	48	2
39	48	2
39	48	2
39	48	2
39	48	2
39	41	2
39	48	2
39	48	2
39	48	2
39	48	2
39	48	2
39	48	2
39	48	2
39	48	2
39	48	2
39	48	2
39	48	2
39	48	2
39	41	2
39	48	2
39	48	2
39	48	2
39	48	2
39	48	2
39	48	2
39	48	2
39	48	2
39	48	2
39	48	2
39	48	2
39	48	2
39	48	2
39	48	2
39	48	2
39	48	2
39	48	2
39	48	2
39	48	2
39	48	2
39	48	2
39	48	2
39	48	2
39	48	2
39	48	2
39	48	2
39	48	2
39	48	2
39	48	2
39	48	2
39	48	2
39	48	2
39	48	2
39	48	2
39	48	3
39	48	2
39	185	2
39	48	2
39	48	2
39	48	2
39	48	2
39	48	2
39	48	2
39	48	3
39	48	2
39	170	2
39	48	2
39	41	2
39	48	2
39	48	2
39	48	2
39	48	2
39	48	2
39	48	2
39	48	2
39	48	2
39	48	2
39	48	2
39	41	2
39	48	2
39	48	2
39	48	2
39	48	2
39	48	2
39	48	2
39	48	2
39	48	2
39	48	2
39	48	2
39	48	2
39	48	2
39	48	2
39	48	2
39	48	3
39	48	2
39	48	2
39	48	2
39	48	2
39	48	2
39	48	2
39	48	2
39	41	2
39	48	2
39	48	2
39	48	2
39	48	2
39	242	2
39	48	2
39	48	2
39	48	2
39	48	3
39	48	2
39	48	2
39	48	2
39	48	2
39	48	2
39	48	2
39	48	2
39	12951	2
39	48	2
39	48	2
39	48	2
39	48	2
39	48	2
39	48	2
39	48	3
39	48	2
39	48	2
39	48	2
39	48	2
39	48	2
39	41	2
39	48	2
39	48	2
39	48	2
39	48	2
39	41	2
39	48	2
39	48	2
39	48	2
39	48	3
39	48	2
39	48	2
39	48	2
39	48	2
39	41	2
39	48	2
39	48	2
39	76	2
39	48	2
39	48	2
39	271	2
39	48	2
39	48	2
39	48	2
39	48	2
39	48	2
39	48	2
39	41	2
39	48	2
39	48	2
39	48	2
39	48	2
39	48	2
39	48	2
39	48	2
39	48	2
39	41	2
39	48	2
39	48	2
39	48	2
39	48	2
39	41	2
39	48	2
39	48	2
39	48	2
39	48	2
39	48	2
39	48	2
39	48	2
39	41	2
39	48	2
39	48	2
39	48	2
39	48	2
39	48	2
39	48	2
39	48	2
39	48	2
39	48	2
39	48	2
39	48	2
39	48	2
39	48	2
39	48	2
39	48	2
39	48	2
39	41	2
39	48	2
39	48	2
39	48	2
39	48	2
39	48	2
39	48	2
39	48	2
39	48	2
39	41	2
39	48	2
39	48	2
39	48	2
39	48	2
39	48	2
39	48	2
39	48	2
39	48	2
39	48	2
39	48	2
39	48	3
39	48	2
39	48	2
39	48	2
39	48	2
39	225	2
39	48	2
39	48	2
39	48	2
39	48	2
39	48	2
39	48	2
39	48	2
39	48	2
39	48	2
39	48	2
39	48	2
39	48	2
39	48	2
39	48	2
39	48	2
39	48	2
39	41	2
39	48	2
39	48	2
39	48	2
39	48	2
39	48	2
39	48	2
39	48	2
39	48	2
39	48	2
39	48	2
39	41	2
39	48	2
39	48	2
39	48	2
39	48	2
39	48	2
39	48	2
39	48	2
39	48	2
39	48	2
39	48	2
39	48	2
39	48	2
39	48	2
39	48	2
39	48	2
39	48	2
39	48	2
39	370	2
39	48	2
39	48	2
39	48	2
39	48	2
39	48	3
39	48	2
39	48	2
39	48	2
39	48	2
39	48	2
39	48	2
39	89	2
39	48	2
39	48	2
39	48	2
39	48	2
39	48	2
39	48	2
39	48	2
39	48	2
39	48	2
39	48	2
39	48	2
39	48	2
39	89	2
39	48	2
39	48	2
39	48	2
39	48	2
39	15832	2
39	15832	2
39	48	2
39	15832	2
39	48	2
39	48	2
39	41	2
39	48	2
39	48	2
39	48	2
39	110	2
39	48	2
39	41	2
39	13041	2
39	13041	2
39	13041	2
39	48	2
39	48	2
39	48	2
39	48	2
39	48	2
39	48	2
39	48	2
39	48	2
39	48	2
39	48	2
39	48	2
39	48	2
39	48	2
39	48	2
39	48	2
39	48	2
39	48	2
39	48	2
39	48	2
39	48	2
39	48	2
39	48	2
39	48	2
39	48	2
39	48	2
39	48	2
39	48	2
39	48	2
39	41	2
39	48	2
39	48	2
39	41	2
39	48	2
39	48	2
39	41	2
39	41	2
39	41	2
39	41	2
39	48	2
39	48	2
39	48	2
39	41	2
39	48	2
39	48	2
39	48	2
39	48	2
39	48	2
39	48	2
39	41	2
39	41	2
39	41	2
39	170	2
39	48	2
39	41	2
39	48	2
39	41	2
39	48	2
39	48	2
39	48	2
39	48	2
39	1327	2
39	41	2
39	41	2
39	48	2
39	48	2
39	41	2
39	48	2
39	41	2
39	41	2
39	41	2
39	41	2
39	41	2
39	48	2
39	48	2
39	48	2
39	41	2
39	48	2
39	48	2
39	41	2
39	48	2
39	48	2
39	41	2
39	107	2
39	41	2
39	41	2
39	41	2
39	48	2
39	41	2
39	41	2
39	48	2
39	48	2
39	41	2
39	48	2
39	41	2
39	41	2
39	41	2
39	41	2
39	48	2
39	41	2
39	48	3
39	41	2
39	48	2
39	41	2
39	41	2
39	41	2
39	48	2
39	41	2
39	41	2
39	41	2
39	41	2
39	48	2
39	48	2
39	48	2
39	48	2
39	48	2
39	41	2
39	48	2
39	41	2
39	48	2
39	41	2
39	48	2
39	48	2
39	48	2
39	41	2
39	41	2
39	48	2
39	41	2
39	41	2
39	41	2
39	41	2
39	41	2
39	41	2
39	48	2
39	48	2
39	41	2
39	41	3
39	41	2
39	48	2
39	41	2
39	41	2
39	48	2
39	41	2
39	41	2
39	48	2
39	41	2
39	48	3
39	41	2
39	48	2
39	48	2
39	41	2
39	48	2
39	48	2
39	48	2
39	48	2
39	41	2
39	48	2
39	48	2
39	48	2
39	41	2
39	48	2
39	41	2
39	41	2
39	41	2
39	48	2
39	286	2
39	48	2
39	41	2
39	48	2
39	48	2
39	48	2
39	41	2
39	48	2
39	48	2
39	48	2
39	41	2
39	41	2
39	41	2
39	48	2
39	48	2
39	41	2
39	48	2
39	41	2
39	41	2
39	48	2
39	48	2
39	41	2
39	41	2
39	41	2
39	48	2
39	41	2
39	48	2
39	48	2
39	48	2
39	41	2
39	48	2
39	48	2
39	2238	2
39	41	2
39	41	2
39	41	2
39	48	2
39	48	2
39	48	2
39	41	2
39	48	2
39	41	2
39	41	2
39	48	2
39	41	2
39	48	2
39	41	2
39	41	2
39	48	2
39	41	2
39	48	2
39	48	2
39	41	2
39	41	2
39	48	2
39	48	2
39	41	2
39	41	2
39	41	2
39	48	2
39	41	2
39	41	2
39	48	2
39	41	2
39	41	2
39	48	2
39	41	2
39	48	2
39	48	2
39	41	2
39	41	2
39	41	2
39	48	2
39	48	2
39	41	2
39	41	2
39	48	2
39	41	2
39	41	2
39	41	2
39	48	2
39	48	2
39	48	2
39	48	2
39	41	2
39	41	2
39	41	2
39	41	2
39	48	2
39	41	2
39	48	2
39	41	2
39	41	2
39	41	2
39	41	2
39	48	2
39	48	2
39	48	2
39	41	2
39	41	2
39	48	3
39	41	2
39	48	2
39	41	2
39	41	2
39	41	2
39	41	2
39	41	2
39	41	2
39	41	2
39	48	2
39	41	2
39	48	2
39	48	2
39	41	2
39	48	2
39	41	2
39	48	2
39	48	2
39	41	2
39	41	2
39	48	2
39	48	2
39	41	2
39	41	2
39	41	2
39	48	2
39	48	2
39	41	2
39	48	2
39	48	2
39	48	2
39	41	2
39	48	2
39	48	2
39	48	2
39	48	2
39	48	2
39	48	2
39	41	2
39	48	2
39	41	2
39	48	2
39	48	2
39	48	3
39	48	2
39	41	2
39	41	2
39	48	3
39	41	2
39	41	2
39	48	2
39	48	2
39	48	2
39	41	2
39	41	2
39	48	2
39	41	2
39	48	2
39	48	3
39	41	2
39	41	2
39	41	2
39	48	3
39	48	2
39	48	3
39	41	2
39	41	2
39	48	2
39	41	2
39	48	2
39	48	2
39	41	2
39	48	2
39	41	2
39	41	2
39	48	2
39	41	2
39	48	2
39	48	2
39	48	2
39	48	2
39	48	2
39	41	2
39	41	2
39	41	2
39	48	2
39	48	2
39	41	2
39	41	2
39	41	2
39	48	2
39	48	2
39	48	2
39	41	2
39	12973	2
39	65	2
39	48	2
39	48	2
39	48	2
39	48	2
39	48	2
39	13174	2
39	48	2
39	48	2
39	878	2
39	48	2
39	48	2
39	48	2
39	237	2
39	48	2
39	48	2
39	48	2
39	270	2
39	48	2
39	48	3
39	48	2
39	48	2
39	48	3
39	48	2
39	48	2
39	48	2
39	48	2
39	48	2
39	48	2
39	48	2
39	48	2
39	48	2
39	48	2
39	270	2
39	48	2
39	48	2
39	48	2
39	48	2
39	48	2
39	48	2
39	48	2
39	48	2
39	48	2
39	48	2
39	48	2
39	48	2
39	48	2
39	48	2
39	48	2
39	48	2
39	48	2
39	48	2
39	48	2
39	48	2
39	48	2
39	48	2
39	101	2
39	48	2
39	48	2
39	48	2
39	48	2
39	48	2
39	48	2
39	48	4
39	48	2
39	48	2
39	48	2
39	48	2
39	48	2
39	48	2
39	48	2
39	48	2
39	48	2
39	48	2
39	48	2
39	48	2
39	48	2
39	48	2
39	48	2
39	48	2
39	48	3
39	48	2
39	48	2
39	48	2
39	48	2
39	48	2
39	48	2
39	48	2
39	48	2
39	48	2
39	286	2
39	48	2
39	48	2
39	48	2
39	48	2
39	48	2
39	48	2
39	48	2
39	48	2
39	48	2
39	48	2
39	48	2
39	48	2
39	48	2
39	48	2
39	48	2
39	48	2
39	48	2
39	48	2
39	48	2
39	48	2
39	48	2
39	48	2
39	48	2
39	48	2
39	48	2
39	48	2
39	48	3
39	48	2
39	48	2
39	48	2
39	48	2
39	48	2
39	48	2
39	48	2
39	48	3
39	48	2
39	48	2
39	48	2
39	48	2
39	48	2
39	48	2
39	48	2
39	48	2
39	48	2
39	48	2
39	48	2
39	48	2
39	48	2
39	1146	2
39	48	2
39	48	2
39	48	2
39	48	2
39	48	3
39	48	2
39	48	2
39	48	2
39	48	2
39	48	2
39	48	2
39	48	2
39	48	2
39	48	2
39	48	2
39	48	2
39	65	2
39	48	2
39	48	2
39	48	2
39	48	2
39	48	2
39	48	2
39	48	2
39	48	2
39	48	2
39	48	2
39	237	2
39	48	2
39	48	2
39	48	2
39	48	2
39	48	2
39	48	2
39	48	2
39	48	2
39	48	3
39	48	2
39	48	2
39	48	2
39	48	2
39	48	2
39	48	2
39	48	2
39	48	3
39	48	2
39	48	2
39	48	2
39	48	2
39	48	2
39	48	2
39	48	2
39	48	2
39	48	2
39	48	2
39	48	2
39	48	2
39	48	2
39	48	2
39	48	2
39	48	2
39	48	2
39	48	2
39	48	2
39	48	2
39	48	2
39	48	2
39	48	2
39	48	2
39	48	2
39	48	2
39	48	2
39	48	2
39	48	2
39	48	2
39	48	2
39	48	2
39	48	2
39	48	2
39	48	2
39	48	2
39	48	2
39	379	2
39	48	2
39	48	2
39	48	2
39	48	2
39	48	3
39	48	2
39	48	2
39	48	2
39	48	2
39	48	2
39	48	2
39	48	3
39	48	2
39	48	2
39	48	2
39	48	2
39	12935	2
39	48	2
39	48	2
39	48	2
39	48	2
39	48	2
39	48	2
39	48	2
39	48	2
39	48	2
39	48	2
39	48	3
39	48	2
39	48	2
39	48	2
39	48	2
39	48	2
39	48	2
39	48	2
39	48	2
39	15618	2
39	48	2
39	48	2
39	48	2
39	48	2
39	48	2
39	48	2
39	48	2
39	48	2
39	48	2
39	48	2
39	48	2
39	48	2
39	48	2
39	48	2
39	41	2
39	15618	2
39	48	2
39	48	2
39	48	2
39	41	2
39	48	2
39	48	2
39	41	2
39	41	2
39	48	2
39	41	2
39	48	2
39	41	2
39	48	2
39	48	2
39	48	2
39	48	2
39	48	2
39	41	2
39	48	2
39	48	2
39	48	2
39	41	2
39	48	2
39	41	2
39	48	2
39	41	2
39	48	2
39	41	2
39	48	2
39	41	2
39	41	2
39	41	2
39	48	2
39	41	2
39	48	2
39	41	2
39	41	2
39	41	2
39	48	2
39	48	2
39	48	2
39	48	2
39	41	2
39	41	2
39	48	2
39	41	2
39	41	2
39	41	2
39	48	2
39	41	2
39	48	2
39	41	2
39	48	2
39	16217	2
39	41	2
39	48	2
39	48	2
39	48	2
39	41	2
39	41	2
39	48	2
39	41	2
39	41	2
39	16010	2
39	48	2
39	41	2
39	41	2
39	41	2
39	48	2
39	41	2
39	48	2
39	41	2
39	41	2
39	41	2
39	41	2
39	16217	2
39	41	2
39	41	2
39	41	2
39	41	2
39	41	2
39	41	2
39	41	2
39	41	2
39	41	2
39	41	2
39	48	2
39	41	2
39	41	2
39	41	2
39	41	2
39	41	2
39	41	2
39	41	2
39	41	2
39	41	2
39	41	2
39	41	2
39	41	2
39	41	2
39	41	2
39	41	2
39	41	2
39	48	2
39	41	2
39	41	2
39	48	2
39	41	2
39	41	2
39	48	2
39	48	2
39	41	2
39	41	2
39	48	2
39	41	2
39	41	2
39	48	2
39	41	2
39	41	2
39	41	2
39	41	2
39	41	2
39	48	2
39	41	2
39	41	2
39	41	2
39	41	2
39	41	2
39	41	2
39	48	2
39	48	2
39	41	2
39	41	2
39	48	2
39	48	2
39	48	2
39	41	2
39	41	2
39	41	2
39	41	2
39	41	2
39	48	2
39	48	2
39	41	2
39	41	2
39	41	2
39	41	2
39	41	2
39	41	2
39	48	2
39	48	2
39	48	2
39	41	2
39	48	2
39	41	2
39	41	2
39	48	2
39	41	2
39	48	2
39	41	2
39	41	2
39	41	2
39	41	2
39	48	2
39	48	2
39	41	2
39	48	3
39	41	2
39	41	2
39	48	2
39	48	2
39	48	2
39	48	2
39	48	2
39	41	2
39	48	2
39	48	2
39	41	2
39	110	2
39	41	2
39	48	2
39	48	2
39	48	2
39	48	2
39	41	2
39	48	2
39	48	2
39	48	2
39	48	2
39	41	2
39	41	2
39	48	2
39	41	2
39	41	2
39	48	2
39	48	2
39	48	2
39	48	2
39	48	2
39	48	2
39	48	2
39	41	2
39	48	2
39	15345	2
39	41	2
39	41	2
39	48	2
39	41	2
39	48	2
39	48	2
39	48	2
39	41	2
39	41	2
39	41	2
39	48	2
39	48	2
39	48	2
39	48	2
39	41	2
39	48	2
39	48	2
39	41	2
39	12925	2
39	48	2
39	41	2
39	110	2
39	48	2
39	48	2
39	48	2
39	48	2
39	48	2
39	41	2
39	41	2
39	41	2
39	48	2
39	41	2
39	48	2
39	41	2
39	48	2
39	48	2
39	41	2
39	41	2
39	48	2
39	41	2
39	48	2
39	48	2
39	41	2
39	48	2
39	48	2
39	41	2
39	48	2
39	41	2
39	48	2
39	41	2
39	48	2
39	48	2
39	48	2
39	48	2
39	41	2
39	48	2
39	16430	2
39	48	2
39	41	2
39	41	2
39	41	2
39	48	2
39	48	2
39	48	2
39	41	2
39	48	2
39	41	2
39	48	2
39	41	2
39	41	2
39	41	2
39	48	2
39	41	2
39	41	2
39	48	2
39	41	2
39	41	2
39	48	2
39	41	2
39	41	2
39	41	2
39	48	2
39	48	2
39	41	2
39	41	2
39	41	2
39	41	2
39	41	2
39	48	2
39	41	2
3903	4516	2
3903	4105	2
3918	4580	2
3951	4615	2
396	407	2
396	910	2
3966	3981	2
399	413	2
4011	13041	3
4011	13041	2
4011	13041	4
4014	11108	2
4017	12677	2
402	1198	2
4026	15832	2
4032	5078	2
4047	4552	2
405	1789	2
405	413	2
405	1814	2
405	10515	2
405	10551	2
405	16011	2
4065	9696	2
4065	10490	2
408	418	2
408	418	2
408	1693	2
408	1404	2
408	2091	2
4080	16011	2
4107	10515	2
411	497	2
4119	4636	2
4143	4753	2
4143	16431	2
4146	10442	2
4146	5546	2
4164	10943	2
417	1393	2
4170	16011	2
4176	4178	2
4176	8508	2
4194	4195	2
4197	4198	2
4197	4198	2
42	45	2
42	48	2
42	48	2
42	48	2
42	44	2
42	45	2
42	45	3
420	2199	2
420	649	2
420	15832	2
420	877	2
420	956	2
420	677	2
4200	7472	2
4209	10696	2
4209	4282	2
4215	6453	2
4215	8551	2
4224	7646	2
4224	15832	3
4236	6634	2
4257	5289	2
426	16010	2
426	442	2
426	3966	2
4269	6851	2
4272	16431	2
4272	16217	2
4272	9579	2
4278	16010	2
429	3552	2
429	5493	2
4299	10516	2
4314	4315	2
432	589	2
4365	9697	2
4371	16010	2
4374	16430	2
438	808	2
438	3034	2
438	2965	2
438	16217	2
438	16217	2
438	677	2
4383	12981	2
4383	7472	2
4386	16217	2
4392	16217	2
4392	16217	2
4395	6215	2
4401	15832	2
4407	5338	2
441	885	2
441	809	2
441	16217	2
441	16217	2
441	16217	2
441	16217	2
441	16217	2
441	809	2
441	1239	2
441	475	2
441	885	2
4410	6526	2
4413	4414	2
4416	4432	2
4419	7975	2
4425	5427	2
444	16010	2
4467	6579	2
447	12693	2
447	464	2
4473	4722	2
4473	4722	2
4488	13443	2
4491	16217	2
4497	8978	2
45	48	2
45	1126	2
45	48	2
45	48	2
45	48	2
45	48	2
45	48	2
45	48	2
45	48	2
45	48	2
45	48	2
45	48	2
45	48	2
45	48	2
45	48	2
45	48	2
45	48	2
45	48	2
45	48	2
45	48	2
45	48	2
45	48	2
45	441	2
45	48	2
45	48	2
45	48	2
45	48	2
45	48	2
45	48	2
45	48	2
45	48	2
45	48	3
45	48	2
45	2473	2
45	48	2
45	48	2
45	48	2
45	101	2
45	48	2
45	48	2
45	48	2
45	48	2
45	48	2
45	48	2
45	48	2
4512	10442	2
4518	4519	2
4518	10446	2
4518	13427	2
4518	10491	2
4518	13756	2
4518	4519	2
4518	13756	2
4521	9664	2
4524	4883	2
4530	6964	2
4533	5318	2
4536	13041	2
4548	15879	2
4557	16217	2
4563	10515	2
4563	10515	2
4563	10515	2
4578	16217	2
4617	4618	2
4617	4618	2
465	749	2
4650	13189	2
4659	9660	2
4677	4859	2
468	589	2
468	5771	2
468	469	2
4683	6054	2
4695	16010	3
4698	16010	2
4698	16430	2
4701	5970	2
4707	10753	2
4710	16217	2
4710	16217	2
4716	5722	2
4722	5414	2
4731	5336	2
4731	6190	2
4731	7205	2
4731	7975	2
4740	6173	2
4740	6173	2
4740	6173	3
4740	6173	2
4761	9858	2
4779	16011	2
4779	8978	2
4794	7575	2
4797	4837	2
48	89	2
48	246	2
48	170	2
48	6692	2
48	179	2
48	170	2
48	89	2
48	89	2
48	117	2
48	89	2
48	110	2
48	66	2
48	1146	2
48	89	2
48	111	2
48	117	2
48	237	2
48	16217	2
48	16217	2
48	16217	2
48	201	2
48	80	2
48	16217	2
48	16011	2
48	16217	2
48	16217	2
48	16011	2
48	16217	2
48	16011	2
48	16011	2
48	12929	2
48	237	2
48	16010	2
48	16010	2
48	475	2
48	16011	2
48	16217	2
48	16217	2
48	105	2
48	89	2
48	123	2
48	65	2
48	65	2
48	89	2
48	107	2
48	16217	2
48	14098	2
48	14099	2
48	16431	2
48	16217	2
48	4883	2
48	49	2
48	186	2
48	258	2
48	89	2
48	101	2
48	65	2
48	170	2
48	249	2
48	2915	2
48	110	2
48	65	2
48	65	2
48	60	2
48	101	2
48	89	2
48	1327	2
48	65	2
48	60	2
48	89	2
48	713	2
48	14386	2
48	65	2
48	14040	2
48	89	2
48	14098	2
48	14098	2
48	65	2
48	65	2
48	89	2
48	237	2
48	13032	2
48	15832	2
48	65	2
48	101	2
48	89	2
48	76	2
48	15832	2
48	65	2
48	13189	2
48	110	2
48	15832	2
48	15832	2
48	89	2
48	740	2
48	65	2
48	938	2
48	65	2
48	65	2
48	147	2
48	533	2
48	89	2
48	65	2
48	147	2
48	110	2
48	65	2
48	55	2
48	418	2
48	12935	2
48	271	2
48	89	2
48	389	2
48	89	2
48	110	2
48	186	2
48	110	2
48	13552	2
48	65	2
48	65	2
48	65	2
48	225	2
48	170	2
48	60	2
48	225	2
48	49	2
48	65	2
48	65	2
48	65	2
48	156	2
48	65	2
48	65	2
48	65	2
48	65	2
48	89	2
48	89	2
48	1034	2
48	65	2
4800	5700	3
4800	6036	2
4800	13041	2
4800	13041	2
4806	7941	2
4806	7941	2
4824	12925	2
4830	10465	2
4830	4945	2
4833	6082	3
4833	6082	2
4833	6082	2
4833	7540	2
486	855	2
4863	6526	2
489	4640	2
489	571	2
4890	14141	2
4896	5074	2
4899	12982	2
4899	16217	2
4899	16217	2
4899	4913	2
4899	4913	2
4899	4913	2
4899	4913	2
4911	4973	2
492	798	2
4929	13041	2
4935	13041	2
4971	12951	2
4974	5771	2
4974	15832	2
4974	15832	2
4974	6340	2
4974	5172	2
4974	6266	2
4974	5771	2
4974	6266	2
4974	6582	2
4977	10513	2
4989	16011	2
501	592	2
501	1588	3
501	4642	2
501	2501	2
5022	15586	2
504	1659	2
504	1715	2
5040	15832	2
5043	5232	2
5058	9501	2
5091	5848	2
5094	8915	2
51	348	2
51	2113	2
5112	5864	2
5127	14098	2
5127	10508	2
5133	10605	2
5160	5502	2
5166	12946	2
5172	14634	2
5172	9555	2
5172	15832	3
5172	6190	2
5172	15832	2
5175	8863	3
5175	16217	2
5181	13041	2
519	2417	2
519	3420	2
522	598	2
522	3400	2
522	533	2
522	544	2
522	3236	2
5232	6485	2
5289	14656	2
5295	7758	2
5301	6242	2
5316	14478	2
534	16010	2
5340	13041	2
5352	16011	2
5370	16217	2
5421	16217	2
5421	5486	2
5427	5994	2
543	16010	2
5442	8117	2
5442	11296	2
5442	11296	2
5487	16217	2
5487	12938	2
549	1481	2
549	9304	2
549	13189	2
549	16010	2
5490	10656	2
5490	16010	2
5496	16217	2
5496	13041	2
5502	6076	2
5514	6644	2
5514	16010	2
552	1870	2
5538	6317	2
5571	6356	2
558	1146	2
558	14872	2
5592	7205	2
5592	13052	2
561	740	2
561	1819	2
561	4093	2
561	796	2
5619	14933	2
564	2399	2
564	622	2
5640	16217	2
567	697	2
567	604	2
567	697	2
5685	7758	2
570	8691	2
570	15832	2
5700	13041	2
5712	6388	2
5742	6010	2
5751	11722	2
5757	6165	2
576	11338	2
5772	13041	2
5781	13041	2
5808	13315	2
5808	13432	2
5865	7991	2
5886	13751	2
591	2238	2
591	16010	2
591	1188	2
591	649	2
591	677	2
5925	16217	2
5931	14098	2
5931	14347	2
594	604	2
5943	12929	2
5943	9510	2
5958	16010	2
5967	12925	2
597	8831	2
5976	14098	2
5976	6401	2
5982	6201	2
5994	10422	2
6	39	2
6	32	2
6	48	2
6	48	2
60	310	2
60	79	2
60	65	2
60	89	2
60	65	2
60	65	2
60	2056	2
60	89	2
60	80	2
6015	9823	2
6054	6420	2
6078	6355	2
6078	10797	2
6099	14098	2
6105	10230	2
6105	10230	2
6108	6776	2
612	1013	2
6126	9662	2
6141	6356	2
6141	16010	2
615	4990	2
615	704	2
6192	6980	2
6201	11519	2
621	3510	2
621	798	2
6219	12925	2
6231	16217	2
6231	14357	2
6303	16217	3
6306	15618	2
6312	9796	2
6363	9775	2
6387	11438	2
6426	6428	2
6432	7472	2
6450	6803	2
6453	7913	2
6453	8551	2
6465	6616	2
6471	16217	2
648	1126	2
648	3080	2
6489	16217	2
6489	16217	2
651	824	2
6525	6997	2
6546	13041	2
6579	9001	2
6579	16010	2
6582	13041	3
6582	13041	2
6591	10170	2
66	1172	2
66	128	2
660	4336	2
660	2566	2
6609	7714	2
6615	9263	3
6630	14098	2
6630	12925	2
6630	14098	2
6630	14098	2
672	3799	2
675	6155	2
675	979	2
678	3472	2
678	679	3
6780	10128	2
6783	16010	2
6795	16011	2
6795	16011	2
681	13041	2
681	824	2
684	698	2
684	698	2
684	11799	2
684	698	2
684	3055	2
6840	8075	2
6852	11058	2
687	4833	2
687	6082	3
687	1152	2
687	1151	2
69	15832	2
69	16010	2
69	79	2
690	816	2
690	751	2
6942	12677	2
6942	12925	2
696	699	2
696	699	2
696	699	2
696	699	2
696	699	2
696	1533	2
696	699	2
6984	12242	2
699	1534	2
699	1533	2
699	1534	2
6999	13041	2
7002	10886	2
7020	16217	2
705	932	2
7068	14386	2
7068	15832	2
7068	8730	2
7068	15832	2
708	3966	2
708	2113	2
711	16010	2
7128	11468	2
7140	7936	2
7158	12925	2
7176	9617	2
7185	9501	3
720	16011	2
7227	10498	2
7239	7947	2
7266	9579	2
7284	9501	2
729	7276	2
729	730	2
729	11173	2
729	15618	2
732	846	2
741	743	2
741	744	2
741	742	2
741	744	2
741	2651	2
741	743	2
741	1609	2
744	2651	2
744	5453	2
744	3021	2
7473	16217	2
75	449	2
75	697	2
75	9699	2
7500	12933	2
7500	7753	2
7518	9925	2
7518	13041	2
753	1444	2
7569	13886	2
759	13041	2
759	1808	2
7635	7705	2
7644	10153	3
7644	10153	2
7644	14860	2
7647	16217	2
7656	9444	2
7671	8978	2
7671	8978	3
7671	8978	2
7671	14098	2
7707	16011	2
7707	16010	2
771	3980	2
771	1520	2
771	2667	2
771	4541	2
771	4540	2
7770	12794	2
7770	9802	2
78	170	2
78	123	2
78	237	2
78	89	2
78	89	2
78	89	2
78	14099	2
78	16431	2
78	15618	2
78	386	2
783	878	2
783	12925	2
783	3006	2
7842	8740	2
7869	8271	2
789	1517	2
789	790	2
789	13041	2
789	832	2
7923	12982	2
7923	16217	3
7923	16217	2
7929	7931	2
7938	10995	2
7938	8985	2
7941	16010	2
795	1819	2
795	1818	3
795	1819	2
795	1819	2
795	1818	2
795	1146	2
795	3311	2
795	1818	2
795	1819	2
795	3311	2
798	2079	2
798	15832	2
7989	9664	2
801	3976	2
801	14099	2
8010	9907	2
8010	9750	2
8010	12928	2
8010	11173	2
8013	8014	2
8025	10576	3
804	16217	2
804	14386	2
8052	9843	2
8097	9663	2
813	976	2
8148	11560	2
816	824	2
8193	15832	2
8274	8379	2
8277	13041	2
8289	14098	2
8310	8978	2
8313	8314	4
8316	10074	2
8325	14885	2
8343	10911	2
84	15832	2
840	846	2
840	1004	2
840	1085	2
8451	9365	2
846	1344	2
846	4312	2
846	1214	2
8481	9964	2
8481	8891	2
8592	16010	2
861	2011	2
8631	12965	2
864	15832	3
864	10423	2
8679	16010	2
8679	16010	2
8679	16010	2
8679	16011	2
8679	16010	2
8691	16217	2
8691	13189	2
87	12925	2
870	3875	2
8730	16217	2
8730	16217	4
8730	16217	2
8730	16217	2
8730	16217	2
8730	16217	2
8730	16217	2
8742	10165	2
885	16217	2
885	1103	2
885	1805	2
8886	10446	2
8919	10525	2
8931	9426	2
8937	8978	2
8937	8959	2
8937	9010	2
8946	8962	2
897	15618	2
8973	12925	2
8985	10538	2
8985	10538	2
8985	15832	2
9	39	2
9	48	2
9	32	2
9	39	2
9	39	2
9	39	2
9	32	2
9	39	2
9	32	2
9	39	2
9	39	2
9	48	2
9	48	2
9	32	2
9	39	2
9	39	2
9	39	2
9	39	2
9	41	2
9	48	2
9	41	2
9	39	2
9	39	2
9	39	2
9	48	2
9	39	2
9	39	2
9	39	2
9	39	2
9	39	2
9	39	2
9	39	2
9	39	2
9	32	3
9	32	2
9	39	2
9	39	2
903	2212	2
9057	15578	2
9093	9447	3
9114	9362	2
9150	16431	2
9150	16430	2
9150	16431	2
9150	16405	2
9150	16431	2
9150	14098	2
9150	13075	2
9177	10170	2
9267	12869	2
9285	9799	2
93	961	2
930	11679	2
936	937	2
942	15832	2
942	1004	2
942	2343	2
9465	12959	2
9501	10491	2
9501	10459	2
9540	9682	2
9555	9617	2
9555	9682	2
9555	12036	2
9564	9581	2
9573	13041	2
9579	13610	2
9585	9641	2
9585	9682	2
9585	9682	2
96	101	2
96	1899	2
96	284	2
960	1899	2
960	1327	2
9606	14099	2
963	2135	2
963	16217	2
9642	9682	3
9657	14098	2
966	1082	2
966	9684	2
9669	10967	2
9669	14098	2
9669	15397	2
9669	14098	2
9669	10967	2
9669	14098	2
9696	10172	2
9708	16011	2
9708	13041	2
9732	11930	2
9765	15832	2
9765	10409	2
9843	16217	3
9843	16217	2
9843	16011	2
9843	16217	2
9843	16217	2
987	1246	2
987	1002	2
9876	13182	2
9879	15832	2
9879	10515	2
999	1000	2
