10010	14836	2
10010	10049	2
10022	11004	2
10037	10039	2
1004	15832	3
1004	14634	2
1004	1144	2
1004	14386	2
1004	2184	2
10088	10089	3
101	201	2
101	147	2
101	14933	2
101	225	2
101	15832	2
101	189	2
1010	14007	2
1010	14098	2
10103	10125	2
10106	10122	2
10109	12981	2
10175	16431	2
10184	13132	2
10184	12933	2
10208	10250	2
1022	1115	2
10232	13415	2
1025	3128	2
1025	1183	2
1025	3151	2
10250	10295	3
10259	10354	2
10259	10354	2
10259	14098	2
10283	10420	2
10283	10511	2
10295	15397	2
10370	14098	2
104	186	2
10412	10498	2
10424	10604	2
10424	10449	2
1043	1481	2
1043	1146	2
10430	10876	2
10439	11614	2
10442	15205	2
10448	13203	2
10448	12946	2
10448	10651	2
10448	14098	2
10448	10515	2
10451	14098	2
10451	10611	2
10451	10879	2
10451	13189	2
10451	16217	2
10451	16217	2
10457	10598	2
1046	2187	2
10475	12949	2
10475	12961	2
10481	16010	2
10481	15832	2
10487	12929	2
10490	10525	2
10490	10525	2
10490	10525	2
10490	10611	2
10490	10525	3
10490	10525	2
10490	14098	2
10490	10525	2
10490	10525	2
10490	12946	2
10490	10525	2
10493	15832	2
10493	12959	2
10499	10551	2
10505	10623	2
10505	11276	2
1052	2402	2
10526	10611	2
10538	14098	2
10541	10573	2
10541	10573	2
10541	10573	2
10541	10573	2
10553	10731	2
10553	16010	2
10553	13189	2
10568	15832	2
10568	15345	2
10577	11482	2
1058	1796	2
1058	1062	2
10583	10629	2
10583	12935	2
10592	10653	2
10592	10611	2
10598	13041	2
10607	15608	2
10610	12946	2
10631	14634	2
10637	14933	2
10637	16010	2
10670	10791	2
107	548	2
107	170	2
107	12677	2
107	15832	2
107	108	2
107	824	2
10703	10947	2
1073	2306	2
1073	10446	2
1073	16010	2
10739	11603	2
10739	11603	2
10739	11603	2
10754	15832	2
1076	1084	2
1076	1084	2
1076	1084	2
1076	10515	2
1076	4486	2
1076	1084	2
1079	1269	2
1079	1080	2
1079	1269	2
1079	1080	2
1079	1269	2
10796	14098	2
10796	15832	2
10796	12925	2
10799	12921	2
10817	11432	2
1082	1239	2
10835	11822	2
10838	10842	2
1085	10513	2
1085	4698	2
10850	11258	2
10859	11747	2
10859	11747	2
10901	10909	2
1091	2352	2
10910	13334	2
10910	12982	2
10910	12946	2
10934	16217	2
1094	15832	2
1094	2915	2
10943	15345	2
10943	13443	2
11	16010	2
11	229	2
11	5651	2
11	39	2
11	48	2
11	39	2
11	39	2
11	48	2
11	39	2
11	39	2
11	39	2
11	39	2
11	39	2
11	39	2
11	32	2
11	32	2
11	39	2
11	39	2
11	39	2
11	39	2
11	39	2
11	310	2
11	14098	2
11	39	2
11	39	2
11	39	2
110	15832	2
110	10490	2
110	16011	2
110	16217	2
110	170	2
110	396	2
110	170	2
110	170	2
11009	15127	2
11012	14098	2
1103	1910	2
11039	11468	2
11039	12677	2
11048	13041	2
11048	11454	2
11048	11454	2
11060	15044	2
11093	12935	2
11096	13041	2
11105	16011	2
11105	16010	2
1115	10863	2
1115	1747	2
1115	1593	2
1118	11966	2
1118	2167	2
11240	12946	3
11246	14386	2
11252	14634	2
11261	14160	2
11270	16010	2
1130	16010	2
1130	15205	2
11309	11352	2
11318	16217	2
11318	14098	2
11369	13043	2
1145	1184	2
11468	11858	2
11471	13536	2
1151	1868	2
11510	14935	2
11516	11537	2
11519	12946	2
11531	16011	2
11531	16010	2
11531	16010	2
1154	1384	2
11573	11645	2
11579	11643	2
11579	11814	2
11579	11645	3
116	16010	2
1160	1178	2
1160	1161	2
11600	12925	2
11603	12508	2
11615	11630	2
11615	14926	2
11615	11840	2
11615	13041	2
11615	11630	3
1163	2437	2
11630	14099	2
11630	14926	2
11645	11814	2
11645	11814	2
11645	11814	2
1166	2270	2
11660	11672	2
11660	11690	2
11663	13041	2
11675	13089	2
11702	15659	2
11702	12775	2
11717	13748	2
11717	14288	3
1172	1939	2
1172	2958	2
1172	4540	2
11747	11836	3
11747	15832	2
11747	14098	2
11747	12932	2
11747	13033	2
11747	15832	3
11747	15832	2
11747	12933	2
11747	15832	2
11780	16217	5
11780	16217	3
11780	16217	3
11780	16217	3
11789	13041	2
11804	11952	2
11804	11952	2
11804	12042	2
11804	11952	4
1184	1872	2
1184	3857	2
11840	14098	2
11840	14386	2
11840	15618	2
11894	13059	2
11903	11904	2
1196	16431	2
12026	12168	2
1205	2888	2
1205	1613	2
12050	12060	2
12050	12060	2
1214	1344	2
12146	16011	2
12158	14804	2
1217	1435	2
12170	12470	2
12206	12925	2
12212	16155	2
12311	13041	2
1232	3292	2
1232	10656	2
1235	4336	2
12371	13393	2
1241	5117	2
12473	12503	2
12473	14637	2
12473	14561	2
125	200	2
1250	16010	2
12515	12607	2
1256	16010	2
12638	16217	2
12647	12703	5
12647	12703	2
1265	13041	2
1265	14098	2
12671	13536	2
12671	13536	2
12677	12929	2
12677	16011	2
12677	13041	2
12677	15205	2
12677	13041	2
1268	10515	2
1277	1417	2
128	352	2
1280	10817	2
1280	1765	2
1280	3724	2
12842	15638	2
12842	13061	2
12842	14637	2
12842	14574	2
12842	13536	2
12842	13061	2
12854	12858	2
12923	16217	2
12923	16010	3
12929	13041	2
12929	15832	2
12929	15832	2
12929	13174	2
12929	16010	2
12929	16217	2
12929	16010	2
12929	16217	2
12929	16431	2
12929	16430	2
12929	16011	2
12929	12959	2
12929	12954	2
12935	14872	3
12935	14872	2
12935	14872	2
12935	14804	2
12935	15052	2
12935	14973	2
12938	13203	3
12938	13203	2
12938	13203	2
12938	13203	2
12938	13203	2
12938	13203	3
12938	13203	2
12947	12948	2
1295	2168	3
1295	1296	2
1295	2168	2
12950	14120	2
12959	16010	2
12959	16011	2
12959	15618	2
12959	16431	2
12959	13174	2
12959	13174	2
12959	13174	2
12959	15832	2
12959	13041	2
12959	13174	2
12959	15832	2
12959	15832	2
12959	13041	2
12959	13068	2
12959	15832	2
12959	13174	2
12959	13174	2
12959	13174	2
12962	16217	2
12962	16217	2
12962	16217	2
12962	16217	2
1298	15033	2
12980	16217	2
12983	15832	2
12983	13041	2
12983	16431	2
12983	16430	2
13001	13259	2
13007	16217	3
1301	1303	2
13034	13847	2
13034	14098	2
13040	13041	2
13043	15345	2
13043	14933	2
13049	16217	2
13049	13189	2
13052	15832	2
13052	16010	2
13052	16431	2
13061	15832	2
1307	1859	2
13073	15832	2
13079	13107	2
13088	16010	2
131	186	2
13106	13461	2
13112	13113	2
13112	14098	2
13112	14098	2
1313	1562	2
1313	13149	2
13130	16166	2
13133	13181	2
13136	13137	2
13139	13493	2
13142	13426	2
13145	14386	2
13154	13584	2
13178	14872	2
13196	13581	2
13226	13347	3
13235	15832	2
13241	13263	2
13304	13944	2
13313	13784	3
13313	15832	2
13313	13784	2
13313	13784	2
13313	13443	2
13328	16217	2
13334	15453	2
13334	14098	2
13337	15832	2
13337	15832	2
1337	7041	2
1337	6997	2
13382	16430	3
13382	16430	2
13391	16217	2
13391	14550	2
13448	13799	2
13454	15291	2
13469	16217	2
13514	14386	2
13514	13750	2
13541	16217	2
13544	14933	2
1355	2406	2
1355	2238	2
1355	16217	2
1355	2238	2
13556	15832	2
13556	16010	2
13556	13603	2
13556	16010	3
13556	16010	2
13556	13616	2
13556	13601	3
13556	13602	2
13556	13616	2
1358	4345	2
13583	15832	2
13595	16217	2
13601	13603	3
13607	14784	2
1361	1433	2
1361	1393	2
1361	1433	2
1361	15578	2
1361	12925	2
13616	13786	2
1364	3012	2
13736	14098	2
13748	14288	4
13784	15618	2
13784	16010	2
1379	1380	2
1379	13366	2
1379	1380	2
1379	1380	2
1379	1380	2
1379	8914	2
1379	1380	2
13799	13855	4
1385	7988	2
1385	6364	2
1385	1870	2
1385	3598	2
13883	14098	2
13886	14276	2
13892	14098	2
13892	14098	2
13892	14098	2
13895	15618	2
13913	14827	2
13955	14098	2
13964	14171	2
13964	14171	2
13964	14171	2
13964	14171	2
1397	10525	2
13970	14053	2
1400	10493	2
1400	16010	2
14006	15832	3
14006	15832	2
14006	14221	2
14024	14158	2
14024	14114	2
1403	16431	2
14030	14386	2
14033	14055	2
14042	14067	2
14063	14357	2
14087	14933	3
14099	14106	2
14099	14634	2
14099	16010	4
14099	16010	2
14099	16010	2
14099	16010	2
14099	16010	2
14099	16011	2
14099	16010	3
14099	14913	2
14114	14158	2
14138	14271	2
14207	14933	2
14234	14386	2
14279	16217	2
1430	4119	2
1433	14168	2
1433	16011	2
14345	14408	3
14345	14402	2
14345	14402	2
14354	14386	3
14357	14478	2
14357	14386	2
14357	14386	3
1436	1552	2
14366	14386	3
14366	14386	2
1439	1557	2
14402	14408	3
14405	15832	2
1448	1513	2
14486	15832	4
14549	15832	2
14573	15032	2
14576	14584	2
14591	14604	2
14597	16010	2
14612	14613	2
14621	14622	2
14621	14627	2
1463	1464	2
1463	2746	2
14663	14928	2
1469	1795	2
1469	1470	2
1475	1538	2
1475	1476	2
1475	1476	2
1475	1476	2
1478	2184	2
1481	15832	2
1481	2254	2
1481	2284	2
1481	2663	2
14813	14814	2
1484	1519	2
1484	1773	2
14849	14873	2
14855	14881	2
14864	14872	2
1487	6656	2
14873	14885	2
14885	14900	2
14912	14913	2
14912	14954	2
14912	14954	2
14912	14913	2
14912	14954	2
14912	14913	3
14912	14954	2
14912	14913	2
14912	14913	2
14912	14913	2
14912	14954	3
14912	14913	2
14912	14954	2
14933	15832	3
14933	15832	2
14933	14953	3
14933	14953	2
14933	14953	2
14933	15345	2
14933	16010	2
14933	16217	2
14933	16010	2
14933	14953	2
14933	16010	2
14933	15217	2
14933	16010	2
14933	16010	2
14933	14953	2
14933	16010	2
14933	16011	2
14933	16010	2
14933	15798	2
14933	15345	2
14933	16010	2
14933	16011	2
14933	14953	2
14954	15832	2
14954	15832	2
14954	15832	2
14954	15832	2
14954	16010	2
14966	15210	2
14966	14984	2
14966	15210	2
14981	16010	2
14990	15680	2
15017	15101	2
15077	15436	2
15077	16010	3
15080	15084	2
15083	16010	2
15083	16010	2
15119	16010	2
15119	16010	3
15185	16217	2
1520	2805	2
15215	15217	2
15215	15217	2
15251	15258	2
15257	15258	2
15257	15258	4
1529	13443	2
15302	15832	2
15302	16217	2
15353	16010	2
1538	8492	2
15401	16010	2
15410	15832	2
15410	15832	4
15410	15424	2
15410	15832	2
15419	15437	2
15452	15456	2
15458	15477	2
15497	15798	2
15497	16011	2
155	272	2
155	1600	2
155	170	2
15530	15618	2
15578	16217	2
15578	16010	2
15578	16010	2
15578	16217	2
15578	16010	2
15578	16011	2
15578	16010	3
15578	16217	2
15578	16217	2
15578	15832	3
15578	15832	2
15578	15832	2
15614	16010	2
15614	16217	2
1562	16217	2
15644	16010	2
15644	16217	2
1565	1616	2
1565	1971	2
15650	15736	2
15659	15832	2
15659	15832	3
15659	16010	3
15659	16010	2
1568	15659	2
15716	16010	2
15716	16011	2
15740	16010	2
15746	16010	2
15773	16010	3
15791	16011	2
15791	16010	2
15791	15832	2
15791	15832	2
15803	16010	2
15815	15832	3
15845	15862	2
15845	15911	2
15857	16010	2
1586	1829	2
15884	16010	2
1592	10515	2
1592	2638	2
1595	2052	2
1595	13041	2
15983	16010	3
15983	16010	2
15983	16010	4
15995	16011	2
15995	16010	2
15995	15996	2
15995	16010	2
16010	16011	8
16010	16011	14
16010	16011	2
16010	16011	7
16010	16011	7
16010	16011	2
16010	16011	9
16010	16011	2
16010	16011	2
16010	16011	6
16010	16011	11
16010	16011	4
16010	16011	2
16010	16011	6
16010	16011	3
16010	16011	13
16010	16011	4
16010	16011	2
16010	16011	3
16010	16011	8
16010	16011	3
16010	16011	22
16010	16011	3
16010	16011	6
16010	16011	5
16010	16011	5
16010	16011	3
16010	16011	5
16010	16011	2
16010	16011	3
16010	16011	11
16010	16011	7
16010	16011	4
16010	16011	9
16010	16011	5
16010	16011	4
16010	16011	4
16010	16011	6
16010	16011	2
16010	16011	4
16010	16011	4
16010	16011	14
16010	16011	4
16010	16011	3
16010	16011	2
16010	16011	9
16010	16011	4
16010	16011	6
16010	16011	14
16010	16011	2
16010	16011	13
16010	16011	3
16010	16011	3
16010	16011	2
16010	16011	2
16010	16011	5
16010	16011	8
16010	16011	3
16010	16011	2
16010	16011	8
16010	16011	11
16010	16011	5
16010	16011	3
16010	16011	7
16010	16011	9
16010	16011	5
16010	16011	5
16010	16011	6
16010	16011	2
16010	16011	5
16010	16011	6
16010	16011	7
16010	16011	9
16010	16011	2
16010	16011	2
16010	16011	8
16010	16011	2
16010	16011	10
16010	16011	3
16010	16011	2
16010	16011	2
16010	16011	2
16010	16011	2
16010	16011	5
16010	16011	7
16010	16011	2
16010	16011	3
16010	16011	3
16010	16011	9
16010	16011	5
16010	16011	5
16010	16011	3
16010	16011	8
16010	16011	7
16010	16011	2
16010	16011	6
16010	16011	2
16010	16011	20
16010	16011	5
16010	16011	2
16010	16011	2
16010	16011	6
16010	16011	20
16010	16011	6
16010	16011	4
16010	16011	3
16010	16011	5
16010	16011	2
16010	16011	3
16010	16011	3
16010	16011	9
16058	16217	3
16058	16217	2
16058	16217	3
16076	16217	2
16079	16217	3
16079	16314	2
161	15618	2
161	170	2
161	170	2
161	9501	2
161	9541	2
161	225	2
1613	16217	2
16175	16217	3
16175	16178	2
16178	16217	2
16178	16217	2
16187	16217	2
1619	2383	2
16208	16396	3
16217	16220	2
16217	16301	2
1634	16431	2
1634	14099	2
164	166	2
164	237	2
164	165	2
164	165	2
164	165	2
164	165	2
164	4744	2
164	4360	2
164	167	2
164	165	3
164	165	2
1640	16430	2
16415	16430	2
16430	16431	11
16430	16431	6
16430	16431	56
16430	16431	3
16430	16431	8
16430	16431	7
16430	16431	3
16430	16431	7
16430	16431	5
16430	16431	5
16430	16431	47
16430	16431	6
16430	16431	2
16430	16431	2
16430	16431	19
16430	16431	38
16430	16431	11
16430	16431	21
16430	16431	9
16430	16431	5
16430	16431	4
16430	16431	24
16430	16431	6
16430	16431	41
1652	15832	2
1652	2477	2
167	792	2
1670	4034	2
1676	13443	2
1685	3080	2
1685	3080	2
1685	1686	2
1685	3856	2
1688	3867	2
1697	13041	2
1697	6148	2
1697	16010	2
17	39	2
17	39	2
17	38	2
170	16217	2
170	271	2
170	15832	2
170	225	2
170	225	2
170	389	2
170	225	2
170	352	2
170	1699	2
170	840	2
170	371	2
170	237	2
1700	10890	2
1703	4363	2
1709	8075	2
1715	16010	2
1715	16010	2
1715	16011	2
1715	16010	2
1715	3102	2
1715	2951	2
1727	9169	2
1727	2775	2
173	242	2
173	8602	2
173	16010	2
1739	13751	2
1739	1872	2
1739	2075	2
1742	2004	2
1745	2962	2
1745	2962	2
176	185	2
176	16217	2
176	201	2
176	817	2
176	4207	2
1763	4739	2
1763	2437	2
1763	15832	2
1772	2015	2
1784	2815	2
1784	2528	2
179	258	2
179	2842	2
179	8867	2
179	301	2
179	16217	2
1790	3569	2
1796	1872	2
1799	3854	2
1808	1997	2
1808	2771	2
1814	15832	2
1814	1872	2
1823	2011	2
1838	10493	2
1844	2399	2
185	16217	3
185	12982	2
1859	9646	2
1862	2241	2
1862	10598	2
1868	1870	2
1868	1870	2
1868	4833	2
1871	2013	2
1871	2013	3
188	1316	2
1883	16010	2
1886	5490	2
1892	3580	2
1901	2161	2
1901	1939	2
1907	1987	2
1910	4557	2
1910	16010	2
1922	1945	2
1928	14933	2
1928	2894	2
1934	5729	2
1946	2115	2
1958	1973	2
1958	10651	2
1958	16011	2
1964	10605	2
197	3270	2
1973	3635	2
1976	12933	2
1979	9877	2
1991	4049	2
1991	4945	2
1994	3035	2
1994	2191	2
2	39	2
2	39	2
2	39	2
2	39	2
2	32	2
2	39	2
2	48	2
2	32	2
2	39	2
2	39	2
2	65	2
2	39	2
2012	16217	2
2015	13041	2
2015	13041	2
2027	4806	2
203	475	2
203	4940	2
2030	3270	2
2036	2168	2
2039	2284	2
2042	16430	2
2051	9501	2
2051	4386	2
2051	14098	2
2054	4032	2
206	1101	2
206	10513	2
206	995	2
206	10525	2
2069	4763	2
2072	13041	2
2078	6108	2
2084	5339	2
2084	3055	2
209	5742	2
2099	13041	2
2105	2238	2
2105	2129	2
2111	2118	2
2111	15832	2
2117	2118	2
2117	10515	2
2129	2480	2
2129	2480	2
2135	2167	2
2135	2238	2
2135	2184	2
2135	2184	2
2135	3857	2
2141	2238	2
2141	15832	2
215	237	2
2150	14386	2
2150	14386	2
2159	4883	2
2168	15832	2
2168	2313	2
2177	15832	4
2186	2437	2
2189	2191	2
2201	2958	2
2201	5446	2
2228	2238	2
2231	2969	2
2234	2235	2
2237	2284	2
2237	2480	2
2240	4070	2
2240	2629	2
2240	2241	2
2240	2241	2
2240	2241	2
2267	4698	2
2273	3966	2
2276	2559	2
2297	4256	2
23	39	2
23	39	2
23	39	2
23	179	2
23	39	2
23	39	2
23	15832	2
23	39	2
23	320	2
23	39	2
23	39	2
23	39	2
23	39	2
23	39	2
23	39	2
23	39	2
23	39	2
23	39	2
23	38	2
23	39	2
23	48	2
23	32	2
23	32	2
23	38	2
23	39	2
23	39	2
23	39	2
23	39	2
23	39	3
23	39	2
23	39	2
23	2573	2
23	39	2
23	39	2
23	48	2
23	39	2
23	39	2
23	39	2
23	48	2
23	16011	2
2300	2654	2
2309	3816	2
2324	2408	2
236	237	2
236	237	2
236	242	2
2363	3012	2
2363	6276	2
2363	2364	2
2363	2364	2
2375	2673	2
2375	3404	2
2399	14207	2
2402	16217	2
2405	5672	2
2405	5672	3
2405	9231	2
2405	5672	2
2405	10656	2
2408	2771	2
2417	10491	2
2417	2595	2
242	270	2
242	4486	2
242	249	2
2426	4730	2
2441	15832	2
245	271	2
2450	4152	2
2468	16217	2
2471	16217	2
248	424	2
248	258	2
2480	16010	2
2480	3425	2
2486	2669	2
2492	12925	2
2492	15832	2
2495	16010	2
2495	16217	2
2495	5356	2
2501	10525	2
2504	3590	2
251	677	2
251	803	2
251	16217	2
251	10551	2
251	16217	2
2510	7129	2
2510	3270	2
2516	4360	2
2519	10653	2
2528	15618	2
2537	12996	2
2537	2538	2
2540	15832	2
2540	15832	2
2552	4715	2
2561	2810	2
2561	16217	2
2573	5074	2
2573	14804	2
2573	2830	2
26	48	2
26	32	2
26	39	2
260	438	2
260	16011	2
260	1804	2
260	449	2
260	286	2
260	1104	2
2606	6795	2
2606	16011	2
2621	10653	2
2621	5904	2
2633	10515	2
2633	2754	2
2633	2694	2
2651	13041	2
2654	9843	2
2654	16217	2
2663	15832	2
2669	3012	2
2669	3012	2
2684	14933	2
269	15492	2
269	279	2
2690	10045	2
2702	13041	2
2717	15832	2
272	1361	2
272	1860	2
272	16011	2
2720	3799	2
2720	2842	2
2720	2842	2
2720	15135	2
2732	10470	2
2741	7893	2
2747	3059	2
2747	5502	2
2747	5502	2
2759	8179	2
2759	2760	2
2762	3570	2
2768	3668	2
2771	2987	2
2771	2852	2
278	279	2
2786	2815	2
2801	4632	2
281	549	2
281	438	2
2810	5074	2
2810	13041	2
2810	13041	2
2810	13041	2
2813	13041	2
2813	2814	2
2822	16217	2
2831	5546	2
2837	3179	2
2840	16011	2
2843	16010	2
2852	2853	2
2852	2854	2
2858	16010	2
2858	2900	2
2858	3505	2
2867	3606	2
2873	5151	2
2873	3877	2
2879	10598	2
2882	7205	2
2882	12962	2
2885	6493	2
2885	6493	2
2894	13041	2
290	839	2
290	15680	2
2900	3638	2
293	11203	2
2930	12925	2
2933	4123	2
2951	16010	2
2966	15832	2
2984	3993	2
2990	13041	2
2990	3735	3
2990	3735	2
2990	3977	2
3020	3270	2
3026	13437	2
3026	3027	2
3053	16430	2
3056	3551	2
3059	4567	2
3059	3494	2
3059	4567	2
3059	4567	2
3059	3493	2
3068	9843	2
3068	4256	2
308	1080	2
308	309	2
308	309	2
308	309	2
308	334	2
308	309	2
3080	5147	2
3080	5147	2
3080	6141	2
3080	5147	2
3083	15832	2
3086	16010	2
3098	4087	2
3101	13041	2
3101	13041	2
3104	3904	2
311	2100	2
311	313	2
311	14634	2
311	561	2
311	313	2
3122	4340	2
3128	3799	2
3131	3849	2
3131	15832	2
3134	3260	2
314	315	2
314	3289	2
314	315	2
3143	3146	2
3194	14933	2
32	39	2
32	39	2
32	39	2
32	39	2
32	39	2
32	48	3
32	39	2
32	39	2
32	39	2
32	39	2
32	39	2
32	39	2
32	39	2
32	39	2
32	39	2
32	38	2
32	39	2
32	38	2
32	48	2
32	39	2
32	39	2
32	48	2
32	39	2
32	39	2
32	39	2
32	39	2
32	39	2
32	48	2
32	39	2
32	48	2
32	39	2
32	39	2
32	39	2
32	39	2
32	38	2
32	12946	2
32	39	2
32	39	2
32	39	2
32	39	2
32	39	2
32	39	2
32	39	2
32	39	2
32	39	2
32	39	2
32	39	2
32	39	2
32	39	2
32	39	2
32	39	3
32	39	2
32	39	2
32	39	2
32	39	2
32	38	2
32	39	2
32	39	2
32	39	2
32	39	2
32	39	2
32	39	2
32	39	2
32	38	2
32	39	2
32	39	2
32	39	2
32	38	2
32	39	2
32	39	2
32	39	2
32	48	2
32	39	2
32	48	2
32	39	2
32	39	2
32	39	2
32	41	2
32	39	2
32	48	2
32	39	2
32	39	2
32	39	2
32	39	2
32	39	2
32	39	2
32	39	2
32	39	2
32	39	2
32	39	2
32	39	2
32	39	2
32	39	2
32	39	2
32	39	2
32	39	2
32	39	2
32	9669	2
32	39	2
32	39	2
32	38	2
32	48	2
32	38	2
32	48	2
32	39	2
32	39	2
32	39	2
32	39	2
32	48	3
32	41	2
32	38	2
32	39	2
32	39	2
32	48	2
32	39	2
32	48	2
32	39	2
32	38	2
32	39	2
32	39	2
32	39	2
32	39	2
32	48	2
32	39	2
32	48	2
32	39	2
32	39	2
32	39	2
32	41	2
32	38	2
32	39	2
32	39	2
32	39	2
32	39	2
32	39	2
32	39	2
32	39	2
32	39	2
32	39	2
32	39	2
32	39	2
32	41	2
32	39	2
32	39	2
32	39	2
32	39	2
32	48	2
32	39	2
32	39	2
32	39	2
32	39	2
32	48	2
32	39	2
32	39	2
32	48	2
32	39	2
32	39	2
32	39	2
32	39	2
32	39	2
32	39	2
32	39	2
32	39	2
32	39	2
32	39	2
32	39	2
32	38	2
32	39	2
32	38	2
32	39	2
32	39	2
32	39	3
32	39	2
32	39	2
32	39	2
32	39	2
32	39	2
32	39	2
32	39	2
32	39	2
32	39	2
32	39	2
32	41	2
32	39	2
32	39	2
32	39	2
32	39	2
32	48	2
32	39	2
32	39	2
32	39	2
32	39	2
32	39	2
32	41	2
32	39	2
32	39	2
32	48	2
32	38	2
32	48	2
32	39	2
32	39	2
32	39	2
32	48	2
32	48	2
32	39	2
32	39	2
32	39	2
32	39	2
32	39	2
32	39	2
32	39	2
32	39	2
32	39	2
32	39	2
32	39	2
32	38	2
32	39	2
32	39	2
32	39	2
32	39	2
32	39	2
32	39	2
32	39	2
32	41	2
32	39	2
32	39	2
32	39	2
32	39	2
32	39	2
32	39	2
32	39	2
32	39	2
32	39	2
32	39	2
32	39	2
32	39	2
32	39	2
32	39	2
32	39	2
32	39	2
32	38	2
32	39	2
32	39	2
32	39	2
32	39	2
32	39	2
32	39	2
32	39	2
32	39	2
32	39	2
32	39	2
32	48	2
32	39	2
32	39	2
32	48	2
32	39	2
32	39	2
32	39	2
32	39	2
32	39	2
32	36	2
32	39	2
32	39	2
32	39	2
32	39	2
32	39	2
32	39	2
32	48	2
32	39	2
32	39	2
32	39	2
32	39	2
32	39	2
32	39	2
32	39	2
32	39	2
32	39	2
32	39	2
32	39	2
32	48	2
32	39	2
32	39	2
32	48	2
32	41	2
32	39	2
32	39	2
32	39	2
32	48	2
32	39	2
32	39	2
32	15832	2
32	39	2
32	39	2
32	227	2
32	41	2
32	39	2
32	48	2
32	39	2
32	39	2
32	48	2
32	39	2
32	48	2
32	39	2
32	39	2
32	39	2
32	39	2
32	39	2
32	39	2
32	39	2
32	39	2
32	41	2
32	39	2
32	39	2
32	39	2
32	39	2
32	39	2
32	48	2
32	39	2
32	39	2
32	39	2
32	39	2
32	39	2
32	48	2
32	48	2
32	39	2
32	39	2
32	39	2
32	48	2
32	39	2
32	39	2
32	48	2
32	16011	2
32	39	2
32	41	2
32	38	2
32	16431	2
32	48	2
32	41	2
32	39	2
32	39	2
32	16217	2
32	39	2
32	39	2
32	39	2
32	48	2
32	39	2
32	48	2
32	48	2
32	38	2
32	39	2
32	39	2
32	48	2
32	39	2
32	38	2
32	16010	2
32	39	2
32	39	2
32	39	2
32	38	2
32	48	2
32	39	2
32	209	2
32	39	2
32	39	2
32	39	2
32	39	2
32	39	2
32	39	2
32	39	2
32	39	2
32	790	2
32	39	2
32	39	2
32	39	2
32	39	2
32	38	2
32	39	2
32	39	2
32	48	2
32	39	2
32	39	2
32	39	2
32	48	2
32	39	2
32	48	2
32	39	2
32	48	2
32	48	2
32	39	2
32	39	2
32	39	2
32	39	2
32	39	2
32	39	2
32	39	2
32	39	2
32	39	2
32	39	2
32	39	2
32	38	2
32	39	2
32	39	2
32	48	2
32	38	2
32	48	2
32	39	2
32	39	2
32	48	2
32	39	2
32	48	2
32	39	2
32	39	2
32	48	2
32	39	2
32	39	2
32	39	2
32	39	2
32	39	2
32	39	2
32	48	2
32	41	2
32	48	2
32	15832	2
32	39	2
32	38	2
32	39	2
32	39	2
32	39	2
32	39	2
32	39	3
32	48	2
32	39	2
32	48	2
32	39	2
32	41	2
32	48	2
32	39	2
32	76	2
32	48	2
32	48	2
32	48	2
32	11114	2
32	39	2
32	39	2
32	39	2
32	48	2
32	39	2
32	14098	2
32	13041	2
32	39	2
32	3537	2
32	39	2
32	48	2
32	48	2
32	39	2
32	39	2
32	39	2
32	39	2
32	39	2
32	39	2
32	38	2
32	39	2
32	39	2
32	39	2
32	39	2
32	79	2
32	39	2
32	39	2
32	39	2
32	48	2
32	39	2
32	39	2
32	39	2
32	48	2
32	48	2
32	39	2
32	39	2
32	39	2
32	39	2
32	39	2
32	38	2
32	48	2
32	39	2
32	48	2
32	48	2
32	39	2
32	39	2
32	39	2
32	39	2
32	39	2
32	39	2
32	39	2
32	39	2
32	39	2
32	39	2
32	39	2
32	38	2
32	39	2
32	39	2
32	39	2
32	39	2
32	39	2
32	39	2
32	39	2
32	39	2
32	38	2
32	48	2
32	39	2
32	39	2
32	48	2
32	39	2
32	39	2
32	39	2
32	38	2
32	39	2
32	39	2
32	39	2
32	48	2
32	39	2
32	39	2
32	39	2
32	39	2
32	39	2
32	39	2
32	39	2
32	39	2
32	39	2
32	39	2
32	39	2
32	48	2
32	39	2
32	38	2
32	39	2
32	39	2
32	39	2
32	39	2
32	38	2
32	39	2
32	39	2
32	39	2
32	39	2
32	39	2
32	39	2
32	39	2
32	39	2
32	39	2
32	38	2
32	39	2
32	39	2
32	39	2
32	39	2
32	39	2
32	39	2
32	39	2
32	39	2
32	39	2
32	41	2
32	41	2
32	39	2
32	48	2
32	39	2
32	39	2
32	39	2
32	48	2
32	39	2
32	39	2
32	39	2
32	39	2
32	39	2
32	39	2
32	39	2
32	39	3
32	39	2
32	39	2
32	39	2
32	48	2
32	48	2
32	39	2
32	10611	2
32	39	2
32	39	2
32	39	2
32	39	2
32	39	2
32	39	2
32	39	3
32	39	2
32	39	2
32	39	2
32	38	2
32	39	2
32	39	2
32	39	2
32	39	2
32	39	2
32	39	2
32	39	2
32	39	2
32	39	2
32	39	2
32	39	2
32	38	2
32	39	2
32	39	2
32	48	2
32	38	2
32	39	2
32	39	2
32	39	2
32	39	2
32	39	2
32	39	2
32	39	2
32	38	2
32	39	2
32	38	2
32	39	2
32	41	2
32	41	2
32	48	2
32	39	2
32	39	2
32	39	2
32	39	2
32	39	2
320	592	2
320	15832	2
3200	10209	2
3215	12925	2
3218	16430	2
3221	3270	2
3248	5729	2
3260	16010	2
3272	6709	2
3275	7336	2
3278	14068	2
329	16011	2
329	11468	2
3299	16217	2
3308	3966	2
3311	16010	2
3311	3616	2
3317	3504	2
3317	12951	2
3317	3504	2
3317	6183	2
3317	12935	2
3317	3504	2
332	448	2
3320	3321	2
3320	3321	2
3320	3321	2
3320	3321	2
3320	6940	2
3320	3321	2
3323	8031	2
3332	10920	2
3338	14098	2
3338	3339	2
3341	6137	2
3350	4195	2
3350	15832	2
3350	4195	2
3365	4445	2
3371	13041	2
338	1872	2
338	413	2
338	947	2
338	2814	2
338	2199	2
338	475	2
338	475	2
338	2492	2
338	16217	2
338	12981	2
341	1808	2
341	485	2
341	13041	2
341	2788	2
3410	4176	2
3413	4913	2
3431	3858	2
3431	4524	2
3431	7869	2
3434	15832	2
3437	6722	2
3458	4730	2
3464	16010	2
3464	16011	2
3464	3467	2
347	352	2
3476	13041	3
3479	3481	2
3482	3484	2
3494	4567	2
3494	6076	2
3494	3526	2
3494	5502	2
3494	4568	2
3497	9605	2
35	48	2
35	39	2
35	39	2
35	39	2
350	925	2
3500	4218	2
3500	4900	2
3500	4911	2
3503	13041	2
3509	4843	2
3512	9810	2
3527	3528	2
3527	4825	2
3530	3531	2
3539	9527	2
3542	10515	2
3572	13041	2
3572	13041	2
3575	10611	2
3590	6457	2
3614	6127	2
3623	12935	2
3635	16010	2
3638	3641	2
365	544	2
365	438	2
3659	14478	2
3659	14098	2
3662	3663	2
3668	3776	2
3668	15618	2
3674	16010	2
3674	16011	2
368	4111	2
3683	16011	2
3683	16010	2
3683	16010	2
3686	4405	2
371	16010	2
3722	4156	2
3731	14098	2
374	604	2
374	1376	2
374	16217	2
374	16217	2
374	16217	2
374	8730	2
374	388	2
3740	4573	2
3755	5851	2
3761	4657	2
3761	8985	2
377	8092	2
3782	13041	2
3791	4269	2
38	39	2
38	41	2
38	39	2
38	170	2
38	39	2
38	39	2
38	39	2
38	39	2
38	39	2
38	39	2
38	41	2
38	39	2
38	48	2
38	48	2
38	39	2
38	48	2
38	39	2
38	39	2
38	39	2
38	39	2
38	39	2
38	170	2
38	39	2
38	39	2
38	41	2
38	39	2
38	39	2
38	39	2
38	39	2
38	39	2
38	48	2
38	39	2
38	39	2
38	39	2
38	39	2
38	39	2
38	39	2
38	39	2
38	39	2
38	39	2
38	39	2
38	48	2
38	39	2
38	2976	2
38	39	2
38	39	2
38	39	2
38	39	2
38	41	2
38	39	2
38	39	2
38	41	2
38	39	2
38	170	2
38	39	2
38	110	2
38	39	2
38	39	2
38	39	2
38	39	2
38	39	2
38	41	2
38	39	2
38	39	2
38	39	2
38	39	2
38	39	2
38	39	3
38	39	2
38	39	2
38	39	2
38	39	2
38	39	2
38	48	2
38	39	2
38	39	2
38	39	2
38	39	2
38	39	2
38	39	2
38	39	2
38	39	2
38	39	2
38	39	2
38	39	2
38	1004	2
38	39	2
38	110	2
38	39	2
38	39	2
38	170	2
38	39	2
38	39	2
38	39	3
38	39	2
38	39	2
38	39	2
38	39	2
38	39	3
38	39	2
38	48	2
38	39	2
38	39	2
38	39	2
38	48	2
38	39	2
38	39	2
38	170	2
38	39	2
38	110	2
38	41	2
38	39	2
38	39	2
38	39	2
38	110	2
38	39	2
38	39	2
38	39	2
38	39	2
38	39	2
38	39	2
38	225	2
38	39	2
38	39	2
38	39	2
38	39	2
38	39	2
38	39	2
38	15832	2
38	48	2
38	39	2
38	39	2
38	39	2
38	48	2
38	39	2
38	39	2
38	39	2
38	39	2
38	39	2
38	39	2
38	48	2
38	39	3
38	39	2
38	39	2
38	48	2
38	39	2
38	39	2
38	39	2
38	39	2
38	48	2
38	39	2
38	39	2
38	39	2
38	39	2
38	39	2
38	39	2
38	39	2
38	39	2
38	39	2
38	39	2
38	48	2
38	39	2
38	48	2
38	39	2
38	39	2
38	39	2
38	39	2
38	39	2
38	39	2
38	39	2
38	39	2
38	39	2
38	39	2
38	39	2
38	39	2
38	39	2
38	39	2
38	15832	2
38	39	2
38	39	2
38	48	2
38	39	2
38	39	2
38	39	2
38	39	2
38	39	2
38	39	2
38	39	2
38	39	2
38	48	2
38	48	2
38	39	2
38	39	2
38	15832	2
38	39	2
38	39	3
38	39	2
38	39	2
38	110	2
38	39	2
38	39	2
38	39	2
38	39	2
38	39	2
38	170	2
38	39	2
38	39	2
38	39	2
38	39	2
38	39	2
38	39	2
38	39	2
38	39	2
38	39	2
38	39	2
38	39	2
38	39	2
38	39	2
38	39	2
38	39	2
38	39	2
38	39	2
38	48	2
38	281	2
38	110	2
38	39	2
38	39	2
38	39	2
38	39	2
38	39	2
38	39	2
38	39	3
38	39	2
38	39	2
38	39	2
38	39	2
38	39	2
38	39	2
38	39	2
38	39	2
38	39	3
38	39	2
38	39	2
38	39	2
38	110	2
38	39	2
38	39	3
38	39	2
38	39	2
38	39	2
38	39	2
38	39	2
38	39	2
38	39	2
38	39	2
38	39	2
38	39	2
38	39	2
38	39	2
38	48	2
38	49	2
38	39	2
38	39	2
38	12935	2
38	39	2
38	39	2
38	39	2
38	39	2
38	39	2
38	48	2
38	105	2
38	39	2
38	48	2
38	39	2
38	48	2
38	39	2
38	39	2
38	39	2
38	39	2
38	39	2
38	39	2
38	39	2
38	39	3
38	39	2
38	39	2
38	39	2
38	39	2
38	39	2
38	39	2
38	39	2
38	39	2
38	39	2
38	39	2
38	39	3
38	39	2
38	39	2
38	39	2
38	39	2
38	2749	2
38	39	2
38	39	2
38	39	2
38	39	2
38	39	2
38	39	4
38	39	2
38	39	2
38	39	2
38	39	3
38	39	2
38	39	2
38	39	2
38	39	2
38	39	2
38	39	3
38	39	2
38	39	2
38	39	2
38	39	2
38	1890	2
38	39	2
38	39	2
38	39	2
38	39	2
38	39	2
38	39	2
38	39	2
38	39	2
38	39	2
38	3988	2
38	39	2
38	39	2
38	39	2
38	39	2
38	39	2
38	39	3
38	39	2
38	39	2
38	39	2
38	39	2
38	39	2
38	39	2
38	39	2
38	48	2
38	39	3
38	39	2
38	39	2
38	39	2
38	39	2
38	39	2
38	39	2
38	39	2
38	39	2
38	39	2
38	39	2
38	48	2
38	39	2
38	39	2
38	39	2
38	170	2
38	39	2
38	12929	2
38	39	2
38	39	2
38	48	2
38	48	2
38	39	2
38	39	2
38	39	2
38	39	2
38	39	2
38	110	2
38	39	2
38	39	2
38	39	2
38	39	2
38	48	2
38	39	2
38	39	2
38	48	2
38	170	2
38	48	2
38	39	2
38	39	2
38	39	2
38	48	2
38	39	2
38	39	2
38	39	2
38	39	2
38	39	2
38	39	2
38	39	2
38	39	2
38	48	2
38	39	2
38	39	2
38	170	2
38	41	2
38	110	2
38	48	2
38	41	2
38	39	2
38	39	2
38	41	2
38	39	2
38	39	2
38	110	2
38	39	3
38	39	3
38	48	2
38	39	2
38	48	2
38	170	2
38	39	2
38	39	2
38	39	3
38	48	2
38	39	2
38	39	2
38	39	2
38	39	2
38	41	2
38	41	2
38	39	2
38	39	2
38	39	2
38	48	2
38	39	2
38	39	2
38	39	2
38	39	2
38	41	2
38	41	2
38	48	2
38	41	2
38	39	2
38	39	2
38	39	2
38	39	2
38	1146	2
38	39	2
38	39	3
38	110	2
38	39	2
38	39	2
38	39	2
38	39	2
38	170	2
38	39	2
38	39	2
38	48	2
38	39	2
38	39	2
38	39	2
38	39	2
38	39	2
38	41	2
38	41	2
38	39	2
38	39	2
38	39	2
38	39	2
38	39	2
38	39	2
38	39	2
38	41	2
38	39	2
38	41	2
38	371	2
38	39	2
38	39	2
38	39	2
38	39	2
38	48	2
38	39	2
38	41	2
38	39	2
38	39	2
38	41	2
38	48	2
38	39	2
38	39	2
38	39	2
38	41	2
38	39	2
38	39	2
38	48	2
38	39	2
38	41	2
38	390	2
38	39	2
38	39	2
38	39	2
38	170	2
38	39	2
38	39	2
38	39	2
38	39	2
38	156	2
38	39	2
38	39	2
38	48	2
38	8978	2
38	39	2
38	39	2
38	39	2
38	39	3
38	39	2
38	39	2
38	39	2
38	39	2
38	39	2
38	39	2
38	39	2
38	39	2
38	39	2
38	39	2
38	39	2
38	39	2
38	39	2
38	39	2
38	39	2
38	16011	2
38	41	2
38	39	2
38	39	2
38	39	2
38	39	2
38	39	2
38	39	2
38	39	2
38	39	2
38	39	2
38	39	2
38	39	2
38	39	2
38	39	2
38	39	2
38	39	2
38	39	2
38	39	2
38	39	2
38	39	2
38	39	2
38	39	2
38	39	2
38	39	2
38	39	2
38	39	2
38	39	2
38	39	2
38	39	2
38	39	2
38	16010	2
38	39	2
38	39	2
38	39	2
38	39	2
38	39	2
38	39	2
38	39	2
38	39	2
38	39	2
38	39	2
38	41	2
38	39	2
38	39	2
38	39	2
38	39	2
38	39	2
38	39	2
38	39	2
38	39	3
38	39	2
38	39	2
38	39	2
38	39	2
38	39	2
38	39	2
38	39	3
38	39	2
38	41	2
38	39	2
38	39	2
38	39	2
38	39	2
38	39	2
38	39	2
38	39	2
38	39	2
38	39	2
38	39	2
38	39	2
38	48	2
38	39	2
38	39	2
38	39	2
38	39	2
38	168	2
38	16217	2
38	39	2
38	39	2
38	39	2
38	39	2
38	39	2
38	39	2
38	39	2
38	39	2
38	39	2
38	39	2
38	39	2
38	41	2
38	39	2
38	41	2
38	110	2
38	39	3
38	39	2
38	16217	2
38	39	2
38	39	2
38	39	2
38	39	2
38	286	2
38	41	2
38	41	2
38	39	2
38	41	2
38	16217	2
38	39	2
38	39	2
38	39	2
38	39	2
38	41	2
38	16010	2
38	39	2
38	39	2
38	39	2
38	39	2
38	16217	2
38	48	2
38	39	2
38	16217	2
38	39	2
38	39	2
38	39	2
38	39	2
38	110	2
38	39	2
38	15618	2
38	16217	2
38	39	2
38	39	2
38	39	2
38	39	2
38	16217	2
38	39	2
38	39	2
38	39	2
38	39	2
38	41	2
38	39	2
38	39	2
38	39	2
38	39	2
38	39	2
38	39	2
38	39	2
38	39	2
38	39	2
38	39	2
38	39	2
38	39	2
38	39	2
38	39	2
38	39	2
38	39	2
38	39	2
38	39	2
38	39	2
38	39	2
38	39	2
38	39	2
38	39	2
38	39	2
38	39	2
38	39	2
38	39	2
38	39	2
38	39	2
38	39	2
38	39	2
38	39	2
38	39	2
38	39	2
38	39	2
38	39	2
38	39	2
38	39	2
38	39	2
38	39	2
38	39	2
38	39	2
38	39	2
38	39	2
38	39	2
38	39	2
38	39	2
38	39	2
38	48	2
38	110	2
38	39	2
38	39	2
38	39	2
38	48	2
38	39	2
38	39	2
38	39	2
38	39	2
38	39	2
38	39	2
38	39	2
38	39	2
38	39	2
38	39	2
38	39	2
38	39	2
38	39	2
38	39	2
38	39	2
38	39	2
38	39	2
38	39	2
38	39	2
38	39	2
38	39	2
38	48	2
38	39	2
38	39	2
38	39	2
38	39	2
38	39	2
38	39	2
38	39	2
38	39	2
38	39	2
38	39	2
38	39	2
38	39	2
38	39	2
38	39	2
38	39	2
38	39	2
38	39	2
38	39	2
38	39	2
38	39	2
38	39	2
38	39	2
38	39	2
38	39	2
38	39	2
38	39	2
38	170	2
38	39	2
38	39	2
38	39	2
38	39	2
38	39	2
38	39	2
38	39	2
38	39	2
38	39	2
38	39	2
38	39	2
38	39	2
38	39	2
38	110	2
38	39	2
38	39	2
38	39	2
38	39	2
38	39	2
38	39	2
38	39	2
38	39	2
38	39	2
38	39	3
38	41	2
38	39	2
38	39	2
38	39	2
38	39	2
38	39	2
38	39	2
38	39	2
38	39	2
38	39	2
38	39	2
38	39	2
38	39	2
38	39	2
38	39	2
38	39	2
38	48	2
38	39	2
38	39	2
38	39	2
38	39	2
38	39	2
38	39	2
38	39	2
38	39	2
38	39	2
38	39	2
38	39	2
38	39	2
38	39	2
38	39	2
38	39	2
38	39	2
38	39	2
38	39	2
38	39	2
38	39	2
38	39	2
38	39	2
38	39	3
38	39	2
38	39	2
38	39	2
38	39	2
38	48	2
38	39	2
38	39	2
38	39	2
38	39	2
38	39	2
38	14386	2
38	39	2
38	39	2
38	39	2
38	39	2
38	39	2
38	39	2
38	39	2
38	39	2
38	39	2
38	39	2
38	215	2
38	39	2
38	48	2
38	39	2
38	39	2
38	39	2
38	39	2
38	39	2
38	39	2
38	39	2
38	39	2
38	39	2
38	39	2
38	39	2
38	39	2
38	48	2
38	39	2
38	39	2
38	39	2
38	39	2
38	39	2
38	39	2
38	39	2
38	39	2
38	39	2
38	39	2
38	147	2
38	286	2
38	39	2
38	39	2
38	39	2
38	39	2
38	39	2
38	39	2
38	39	2
38	39	2
38	39	2
38	39	2
38	39	2
38	39	2
38	39	2
38	39	2
38	39	2
38	39	2
38	39	2
38	39	2
38	39	2
38	39	2
38	39	2
38	39	2
38	39	2
38	39	2
38	39	2
38	39	2
38	39	2
38	48	2
38	39	2
38	39	2
38	39	2
38	39	2
38	39	2
38	39	2
38	39	2
38	39	2
38	39	2
38	39	2
38	39	2
38	39	2
38	39	2
38	39	2
38	39	2
38	39	2
38	39	2
38	39	2
38	39	2
38	39	2
38	39	2
38	39	2
38	48	2
38	39	2
38	39	2
38	39	2
38	39	2
38	39	2
38	39	2
38	39	2
38	39	2
38	39	2
38	39	2
38	39	2
38	39	2
38	39	2
38	48	2
38	39	2
38	39	2
38	39	2
38	39	2
38	39	2
38	39	2
38	39	2
38	39	2
38	39	2
38	39	2
38	39	2
38	39	2
38	39	2
38	39	2
38	39	2
38	39	2
38	39	2
38	39	2
38	39	2
38	39	2
38	39	2
38	39	2
38	39	2
38	39	2
38	39	2
38	39	2
38	39	2
38	39	2
38	39	2
38	39	2
38	39	2
38	39	2
38	39	2
38	39	2
38	39	2
38	39	2
38	39	2
38	39	2
38	48	2
38	39	2
38	39	2
38	39	2
38	39	2
38	39	2
38	39	2
38	39	2
38	39	2
38	39	2
38	39	2
38	39	2
38	39	2
38	39	2
38	41	2
38	39	2
38	170	2
38	39	2
38	39	2
38	39	2
38	39	2
38	39	2
38	39	2
38	39	2
38	41	2
38	39	2
38	39	2
38	39	2
38	39	2
38	39	2
38	39	2
38	39	2
38	39	2
38	39	2
38	39	2
38	41	2
38	39	2
38	39	2
38	39	2
38	39	2
38	39	2
38	39	2
38	39	2
38	39	2
38	39	2
38	39	2
38	39	2
38	39	3
38	39	2
38	39	2
38	39	2
38	39	2
38	48	2
38	39	2
38	1973	2
38	1327	2
38	39	2
38	39	2
38	39	2
38	39	2
38	39	3
38	39	3
38	39	2
38	39	2
38	39	2
38	39	2
38	39	2
38	55	2
38	39	2
38	39	2
38	39	2
38	39	2
38	39	2
38	39	2
38	39	2
38	39	2
38	39	2
38	39	2
38	39	2
38	41	2
38	39	2
38	39	2
38	39	2
38	39	2
38	39	2
38	39	2
38	39	2
38	39	2
38	39	2
38	39	2
38	39	2
38	39	2
38	39	2
38	39	2
38	39	2
38	48	2
38	41	2
38	39	2
38	41	2
38	39	2
38	39	2
38	39	2
38	39	2
38	39	2
38	39	2
38	39	2
38	39	2
38	39	2
38	39	3
38	39	2
38	39	2
38	39	2
38	48	2
38	39	2
38	39	2
38	39	2
38	48	2
38	39	2
38	39	2
3800	5656	2
3827	11560	2
3827	12981	2
3836	10804	2
3848	4363	2
3848	16010	2
3857	4029	2
3857	12959	2
389	438	2
389	438	2
389	4899	2
389	581	2
3896	15832	2
3896	4070	2
3896	15832	2
3896	15832	2
3896	8867	2
3914	4184	2
3917	11093	2
3920	15832	2
3947	4143	2
3953	16010	2
3962	4208	2
3971	5158	2
398	15160	2
398	1578	2
398	492	2
3992	4198	2
3992	4198	2
3992	4198	2
3995	5700	2
4004	4107	2
4007	5248	2
4013	4156	2
4034	4606	2
4037	4269	2
4037	4269	2
404	10798	2
4046	4131	2
4049	4051	2
4049	10653	2
4058	15832	2
4064	10515	2
4064	10515	2
407	12925	2
407	1659	2
4070	10420	2
4070	10491	2
4070	10812	2
4073	16010	2
4073	16010	3
4091	10947	2
4094	16217	2
41	48	2
41	48	2
41	48	2
41	48	2
41	48	2
41	48	2
41	48	2
41	48	2
41	48	2
41	48	2
41	48	2
41	48	2
41	48	2
41	48	2
41	48	2
41	48	2
41	48	2
41	48	2
41	48	2
41	48	2
41	48	2
41	48	2
41	48	2
41	48	2
41	48	2
41	48	2
41	48	2
41	48	2
41	48	2
41	48	2
41	48	2
41	48	2
41	48	2
41	48	2
41	48	2
41	48	2
41	48	2
41	48	2
41	48	2
41	48	2
41	48	2
41	48	2
41	48	2
41	48	3
41	48	2
41	48	2
41	48	2
41	48	2
41	48	2
41	48	2
41	48	2
41	48	2
41	48	2
41	48	2
41	48	2
41	48	2
41	48	2
41	48	2
41	48	2
41	48	2
41	48	2
41	48	2
41	48	2
41	48	2
41	48	2
41	48	2
41	48	2
41	48	2
41	48	2
41	48	2
41	48	2
41	48	2
41	48	2
41	48	3
41	48	2
41	48	2
41	48	2
41	48	2
41	48	2
41	48	2
41	48	2
41	48	2
41	48	2
41	48	2
41	48	2
41	48	2
41	48	2
41	48	2
41	48	2
41	48	2
41	48	2
41	48	2
41	48	2
41	48	2
41	48	2
41	48	2
41	48	2
41	48	2
41	48	2
41	48	2
41	48	2
41	48	2
41	48	2
41	48	2
41	48	2
41	48	2
41	48	2
41	48	2
41	48	2
41	48	2
41	48	2
41	48	2
41	48	2
41	48	2
41	48	2
41	48	2
41	48	2
41	48	2
41	48	2
41	48	2
41	48	2
41	48	2
41	48	2
41	48	2
41	48	2
41	48	2
41	48	2
41	48	2
41	48	2
41	48	3
41	48	2
41	48	2
41	48	2
41	48	2
41	48	2
41	48	2
41	48	2
41	48	2
41	48	2
41	48	2
41	48	2
41	48	2
41	48	2
41	48	2
41	48	2
41	48	2
41	48	2
41	48	2
41	48	2
41	48	2
41	48	2
41	48	2
41	48	2
41	48	2
41	48	2
41	48	2
41	48	2
41	48	2
41	48	2
41	48	2
41	48	2
41	48	2
41	48	2
41	48	2
41	48	2
41	48	2
41	48	2
41	48	2
41	48	2
41	48	2
41	48	2
41	110	2
41	48	2
41	48	2
41	48	2
41	48	2
41	48	2
41	48	2
41	48	2
41	48	2
41	48	2
41	48	2
41	270	2
41	48	2
41	587	2
41	48	2
41	48	3
41	48	3
41	48	2
41	48	2
41	48	2
41	48	2
41	48	2
41	48	2
41	48	2
41	48	2
41	48	2
41	48	2
41	48	2
41	48	2
41	48	3
41	48	2
41	48	2
41	48	2
41	48	2
41	48	2
41	48	2
41	89	2
41	48	2
41	48	2
41	48	2
41	48	2
41	48	2
41	48	2
41	48	2
41	48	2
41	48	2
41	48	2
41	48	2
41	48	2
41	48	2
41	48	2
41	48	2
41	48	2
41	48	2
41	48	2
41	48	2
41	48	2
41	48	2
41	48	2
41	48	2
41	48	2
41	48	2
41	48	2
41	48	2
41	48	2
41	48	2
41	48	2
41	48	2
41	48	2
41	48	2
41	48	2
41	48	2
41	48	2
41	110	2
41	48	2
41	48	2
41	48	2
41	48	2
41	48	2
41	48	3
41	48	2
41	48	2
41	48	2
41	48	2
41	48	2
41	48	2
41	48	2
41	48	3
41	48	3
41	48	2
41	48	2
41	48	2
41	48	2
41	48	2
41	48	2
41	48	2
41	48	2
41	48	2
41	8978	2
41	48	2
41	48	2
41	48	2
41	48	2
41	48	3
41	48	2
41	48	2
41	48	2
41	48	2
41	48	2
41	48	2
41	48	2
41	48	2
41	48	2
41	48	2
41	48	2
41	48	2
41	48	2
41	48	2
41	48	2
41	48	2
41	48	2
41	48	2
41	48	2
41	48	2
41	48	2
41	48	2
41	48	2
41	338	2
41	48	2
41	48	2
41	48	2
41	48	2
41	48	2
41	48	2
41	48	2
41	48	2
41	65	2
41	48	2
41	48	2
41	48	2
41	156	2
41	1327	2
41	48	2
41	48	2
41	48	2
41	48	2
41	48	2
41	48	2
41	48	2
41	48	2
41	48	2
41	48	2
41	48	2
41	48	2
41	48	2
41	48	2
41	48	2
41	48	2
41	48	2
41	48	2
41	48	2
41	48	2
41	48	2
41	48	2
41	48	2
41	48	2
41	48	2
41	48	2
41	48	2
41	48	2
41	48	2
41	48	2
41	48	2
41	48	2
41	48	2
41	48	2
41	48	2
41	48	2
41	48	2
41	48	2
41	48	2
41	48	2
41	48	2
41	48	2
41	48	2
41	48	2
41	48	2
41	48	2
41	48	2
41	48	2
41	48	2
41	48	2
41	48	2
41	48	2
41	48	2
41	48	2
41	48	2
41	48	2
41	48	2
41	48	2
41	48	2
41	48	2
41	48	2
41	48	2
41	48	2
41	48	2
41	48	2
41	48	2
41	48	2
41	48	2
41	48	2
41	48	2
41	48	2
41	48	2
41	48	2
41	48	2
41	48	2
41	48	3
41	48	2
41	48	2
41	48	2
41	48	2
41	48	2
41	48	2
41	48	2
41	48	2
41	48	2
41	48	2
41	48	2
41	15618	2
41	48	2
41	48	2
41	48	2
41	48	2
41	48	2
41	48	2
41	48	2
41	48	2
41	48	2
41	48	2
41	48	2
41	48	2
41	48	2
41	48	2
41	48	2
41	48	2
41	48	2
41	48	2
41	48	3
41	48	2
41	48	3
41	48	2
41	48	2
41	48	2
41	48	2
41	48	2
41	48	2
41	48	2
41	48	2
41	48	2
41	48	3
41	48	2
41	48	2
41	48	2
41	48	2
41	48	2
41	48	2
41	809	2
41	48	2
41	48	2
41	48	2
41	48	2
41	48	2
41	48	2
41	48	2
41	48	2
41	48	2
41	48	2
41	48	2
41	16010	2
41	48	2
41	48	2
41	48	2
41	48	2
41	48	2
41	48	2
41	48	2
41	48	2
41	48	2
41	48	2
41	16217	2
41	48	2
41	48	2
41	16217	2
41	48	2
41	48	2
41	48	2
41	48	2
41	48	2
41	48	2
41	48	2
41	16011	2
41	48	2
41	16217	2
41	48	2
41	48	2
41	48	2
41	48	2
41	48	2
41	48	2
41	48	2
41	16217	2
41	48	2
41	48	2
41	48	2
41	48	2
41	16217	2
41	48	2
41	48	2
41	48	2
41	48	2
41	48	2
41	48	2
41	48	2
41	48	2
41	48	2
41	48	2
41	16217	2
41	48	2
41	48	2
41	48	2
41	48	2
41	48	2
41	48	2
41	48	3
41	48	2
41	16010	2
41	48	2
41	48	2
41	48	2
41	48	2
41	48	2
41	48	2
41	16011	2
41	48	2
41	48	2
41	48	2
41	48	2
41	48	2
41	48	2
41	48	2
41	48	2
41	48	2
41	16010	2
41	48	2
41	48	2
41	48	2
41	48	2
41	48	2
41	48	2
41	48	2
41	48	2
41	48	2
41	48	2
41	16010	2
41	48	2
41	48	2
41	16217	2
41	48	2
41	48	2
41	16217	2
41	48	2
41	48	2
41	48	2
41	48	2
41	48	2
41	16217	2
41	48	2
41	48	2
41	48	2
41	48	2
41	16217	2
41	48	2
41	48	2
41	16217	2
41	48	2
41	48	2
41	16217	2
41	48	2
41	48	2
41	48	2
41	48	2
41	48	2
41	48	2
41	48	2
41	48	2
41	48	2
41	48	2
41	48	2
41	48	2
41	48	2
41	48	2
41	48	2
41	48	2
41	16217	2
41	48	2
41	48	2
41	48	2
41	16011	2
41	48	2
41	16010	2
41	48	2
41	48	2
41	48	2
41	48	2
41	48	2
41	48	2
41	48	2
41	48	2
41	48	2
41	48	2
41	48	2
41	48	2
41	48	2
41	48	2
41	48	2
41	48	2
41	15832	2
41	48	2
41	48	2
41	48	2
41	48	2
41	48	2
41	48	2
41	15832	2
41	48	2
41	48	2
41	48	2
41	48	2
41	48	2
41	48	2
41	48	2
41	48	2
41	48	2
41	15832	2
41	48	2
41	48	2
41	48	2
41	48	2
41	48	2
41	48	2
41	48	2
41	48	2
41	48	2
41	48	3
41	48	2
41	48	2
41	48	2
41	48	2
41	48	2
41	48	2
41	48	2
41	48	2
41	48	2
41	13041	2
41	48	2
41	13041	2
41	48	2
41	13041	2
41	48	2
41	48	2
41	48	2
41	48	2
41	48	2
41	48	2
41	48	2
41	48	2
41	48	2
41	48	2
41	13041	2
41	48	2
41	48	2
41	48	2
41	48	2
41	48	2
41	13041	2
41	48	2
41	15618	2
41	48	2
41	48	2
41	48	2
41	48	2
41	48	3
41	48	3
41	48	2
41	48	2
41	48	2
41	48	2
41	48	2
41	48	2
41	48	2
41	48	2
41	48	2
41	48	2
41	48	2
41	48	2
41	48	2
41	48	2
41	48	2
41	48	2
41	48	2
41	48	2
41	48	2
41	48	2
41	48	2
41	4344	2
41	48	2
41	48	2
41	48	2
41	48	2
41	48	2
41	48	2
41	48	2
41	48	2
41	48	2
41	48	2
41	48	2
41	48	2
41	48	2
41	48	2
41	48	2
41	48	2
41	48	2
41	48	2
41	48	2
41	48	2
41	48	2
41	48	2
41	48	2
41	48	2
41	48	2
41	48	2
41	48	2
41	48	2
41	48	2
41	48	2
41	48	2
41	48	2
41	48	2
41	48	2
41	48	2
41	48	2
41	48	2
41	48	2
41	48	3
41	48	2
41	48	2
41	48	2
41	48	2
41	48	2
41	48	2
41	48	2
41	48	2
41	48	2
4106	14933	2
4106	4134	2
4112	9555	2
4112	5835	2
4124	12925	2
4127	14098	2
4127	16010	2
4127	15436	2
413	475	2
413	790	2
413	3270	2
413	434	2
4145	14385	2
4145	14385	2
4145	14385	2
4148	4512	2
4148	4512	2
4178	16430	2
4178	8867	2
4184	4909	2
4202	12925	3
4202	9163	2
4214	4447	2
4214	4698	2
422	438	2
4220	16010	2
4226	10515	2
4226	10515	2
425	6118	2
425	16217	2
4256	4257	2
4256	12982	2
4265	14933	2
4265	5150	2
4265	10515	2
4277	13017	2
428	2669	2
4280	9501	2
4286	16217	2
4286	16217	2
4292	15832	2
4295	8748	2
4307	16217	2
431	623	2
4310	6214	2
4310	4336	2
4316	5124	2
4358	13041	2
4382	4618	2
4382	6406	2
44	48	2
44	65	2
44	48	2
44	48	2
440	10441	2
4418	8978	2
4421	12633	2
4421	11295	2
4424	5108	2
4424	5108	2
4433	15618	2
4433	4486	2
4433	4486	2
4433	4486	2
4436	5208	2
4439	13041	3
4448	4883	2
4448	4472	2
446	2861	2
446	2523	2
4469	8179	2
4472	16011	2
449	3435	2
449	15832	2
449	2573	2
4493	13556	2
4502	10446	2
4541	7396	2
4541	16217	2
4541	7598	2
4556	4557	2
4556	15832	2
4568	4826	2
4568	5502	2
4580	13157	2
4580	4685	2
4580	16010	2
4583	12906	2
4583	5071	2
464	475	2
464	13041	2
464	677	2
4640	10515	2
4643	10106	2
4655	6224	2
4658	16431	2
4661	8978	2
467	7520	2
4682	11780	2
4682	4911	2
4685	13366	2
4685	5036	2
4688	7090	2
4694	12925	2
4694	4831	2
47	48	2
47	48	2
47	48	2
47	48	2
47	48	2
47	48	3
47	48	2
47	237	2
47	48	2
47	48	2
47	48	2
47	48	2
47	48	2
47	48	2
47	48	2
47	48	2
47	48	2
47	48	2
47	48	2
47	48	2
47	180	2
4703	6213	2
4706	6387	2
4730	11692	2
4733	4734	2
4733	4734	2
4733	4734	2
4733	4734	2
4733	4734	2
4739	4740	2
4739	6173	2
4739	5962	2
4739	6173	2
4739	6173	2
4739	4740	2
4739	4740	2
4739	6173	2
4739	4740	2
4739	6173	3
4739	6173	2
4739	4740	2
4739	4740	2
4739	4740	2
4748	4891	2
479	16011	2
479	16217	2
479	592	2
4802	5535	2
4817	4994	2
4823	5608	2
4823	4824	2
4823	4824	2
4823	4824	2
4823	4825	2
4823	6356	2
4832	10642	2
4832	9823	2
4835	14006	2
4850	9520	2
4859	16431	2
4859	8553	2
4859	9501	2
4871	4883	2
488	4994	2
488	10710	2
4883	9843	2
4883	16217	2
4883	16217	2
4883	15578	2
4883	16217	2
4883	16217	2
4883	9843	2
4883	9843	2
4889	7988	2
4913	16010	2
4916	13182	2
4925	10228	2
494	16010	2
4940	9555	2
4946	13041	2
4961	11747	2
4961	11747	2
4961	11747	2
4961	6932	2
4961	11747	2
4973	5782	3
4973	5782	2
4973	4974	2
4973	4975	2
4973	4974	2
4973	5782	2
4994	12929	2
5	9	2
5	48	2
5	39	2
5	426	2
5	1082	2
5	39	2
5	39	2
5	32	2
50	755	2
500	16217	2
500	4143	2
5015	16010	2
5018	5158	2
5051	5124	2
5051	15832	2
5051	5405	2
5051	16217	2
5078	11840	2
5084	13041	2
509	789	2
5108	10423	2
5135	16217	2
5135	16217	2
5138	6520	2
5147	6356	2
5147	6356	2
5147	6356	2
515	4042	2
5153	5377	2
5156	10821	2
5156	7062	2
5162	16010	2
5177	8959	2
5195	6793	2
5207	6824	2
5207	6017	2
521	15832	2
5213	14634	2
5228	15832	2
5237	7726	2
524	571	2
524	831	2
5246	13041	2
5258	5327	2
527	1062	2
527	9579	2
5282	15832	2
5282	15832	2
5282	15832	2
5282	15832	2
5282	15832	2
5282	15832	2
5282	15832	2
5288	5918	2
5294	12929	2
53	15832	2
5309	16217	2
5315	12925	2
5315	15832	2
533	677	2
533	535	2
533	535	2
533	534	2
533	1986	2
533	2633	2
5339	5568	2
5339	12925	2
5348	6607	2
536	4111	2
536	2130	2
5363	12951	2
5375	6259	2
5381	6777	2
5384	13893	2
5408	6751	2
5408	9555	2
5420	8366	2
5423	10490	2
5453	6485	2
5468	14252	2
548	12981	2
548	549	2
548	611	2
548	8192	2
548	610	2
548	15832	2
548	2241	2
548	16431	2
548	549	2
5489	12062	2
5489	10656	2
5489	14098	2
5489	16010	2
5489	16010	2
5492	14098	2
5495	5496	2
5495	12959	2
5495	8576	2
5510	10446	2
5510	10656	2
5522	14933	2
5531	10598	2
5546	5547	2
5549	7262	2
56	2238	2
56	309	2
56	185	2
5612	10490	2
5630	14006	2
5651	13182	2
5666	15832	2
5672	5674	2
5672	9231	3
5672	9231	2
5672	5673	2
5672	5673	2
569	16217	2
569	16011	2
5690	15080	2
5711	10663	2
5729	10515	2
5729	16011	2
5738	10074	2
5768	7041	2
5771	16010	2
5771	16010	2
5771	15832	2
5771	14098	2
5771	5782	2
5771	9669	2
5783	16217	2
5783	16217	2
5783	16217	2
5783	11780	2
5807	5808	2
5807	13790	2
581	649	2
581	15832	2
581	15832	3
581	15832	2
581	723	2
5813	7050	2
584	604	2
5840	9259	2
587	675	2
587	830	2
5879	6439	2
5894	11681	2
59	7252	2
59	1791	2
590	1126	2
5915	5916	2
593	1791	2
593	2669	2
593	808	2
5948	6377	2
5951	15832	2
596	807	2
5969	9745	2
5987	5988	2
602	3149	2
605	1425	2
6068	12925	2
608	824	2
6095	13041	2
6107	6407	3
6128	9509	2
6128	13174	2
6161	10779	2
6173	9203	2
6173	10607	2
6173	10656	2
62	209	2
62	89	2
62	89	2
62	10804	2
6203	7234	2
6218	8025	2
6224	13086	2
623	10515	2
623	15832	2
626	681	2
6335	8978	2
6338	12929	2
6353	10610	2
6359	10202	2
6377	10446	2
6386	9669	2
6404	13041	2
6404	10984	2
6410	15345	2
647	769	2
647	769	2
647	769	2
647	769	2
647	769	2
647	769	2
647	1034	2
647	769	2
647	769	2
647	769	3
647	769	2
647	769	2
647	769	3
647	769	2
647	1034	2
647	769	2
647	769	2
647	769	2
647	1034	2
647	2326	2
647	769	2
6485	7988	2
6497	7176	2
6497	7176	2
65	4296	2
65	89	2
65	89	2
65	225	2
65	91	2
65	13041	2
65	201	2
65	250	2
65	16217	2
65	558	2
65	604	2
65	310	2
65	89	2
65	14099	2
65	89	2
65	89	2
6503	8373	2
653	14098	2
653	2552	2
6554	11716	2
6554	7505	2
6584	14099	2
6584	10515	2
6602	11276	2
662	855	2
665	1257	2
6656	14098	2
668	13041	2
6680	10098	2
6680	6827	2
6716	16010	2
674	730	2
6746	10525	2
677	2557	2
677	14098	2
677	3540	2
683	684	2
683	684	2
683	684	2
683	698	2
6833	10442	2
6842	15832	2
6851	10663	2
6851	10798	2
6881	7205	2
6881	16217	2
6881	16217	2
6893	14098	2
6893	10515	2
6932	14099	2
695	3623	2
695	15832	2
698	10947	2
6992	16217	2
7010	15838	2
7016	16010	2
7016	16011	3
704	1013	2
704	3279	2
704	979	2
704	1327	2
704	14791	2
7046	10741	2
7046	13318	2
7073	7130	2
7088	13041	2
7097	15310	2
71	1714	2
716	12693	2
719	1473	2
7205	16217	2
7205	16217	2
7205	16217	2
7205	16217	2
7205	16217	2
7205	16217	2
7205	16217	2
7205	16217	2
7205	16217	2
7205	16217	2
7205	16217	2
7205	16217	2
7205	7429	2
7220	13051	2
7235	16217	2
7238	13895	2
7247	7248	2
7262	8914	2
7262	8914	2
728	7975	2
7289	7689	2
731	808	2
7310	11672	2
734	1135	2
737	2168	2
7373	13041	2
740	1091	2
743	751	2
743	1914	2
743	744	2
746	2673	2
7472	10490	2
7472	10568	2
7472	7744	2
7472	12946	2
7472	10513	2
7487	14014	2
7487	7489	2
7490	13041	2
7505	13174	2
752	805	2
7544	16217	2
755	981	2
7559	11840	2
7559	12935	2
758	1233	2
7646	16217	2
7646	16217	2
7646	16217	2
7646	16217	2
7646	16217	2
7646	16217	2
7646	16217	2
7646	16217	2
7646	12961	2
7646	10446	2
767	1700	2
767	1700	2
77	237	2
7703	10653	2
7712	9095	2
7718	10739	2
7718	10739	2
7718	11603	2
7733	8771	2
7757	16261	2
7763	13019	2
7766	12951	2
7769	16217	2
779	856	2
785	1068	2
785	1498	2
7868	8978	2
7868	11747	2
791	14099	2
791	2476	2
7910	16010	2
7910	16010	2
7910	8978	2
7910	16010	2
7910	8978	2
7910	16011	2
7910	13041	2
7913	9931	2
797	1153	2
797	1804	2
797	1153	2
797	1153	2
797	4124	2
797	1154	2
797	16010	2
7988	8268	2
7991	10490	2
8	48	2
80	185	2
80	3800	2
80	1327	2
8015	15618	2
8030	9037	2
8030	15832	2
8033	13136	2
806	2991	2
806	1354	2
806	10420	2
806	1026	2
806	1872	2
806	1355	2
806	842	2
806	2991	2
806	2238	2
806	2991	2
8075	14933	2
809	16217	2
809	16217	2
809	16217	2
809	885	2
809	16217	2
809	885	2
809	16217	2
809	1004	2
809	885	2
809	1004	2
8126	10442	2
8126	13437	2
815	4113	2
815	1158	2
8162	16011	2
8192	15189	2
821	1769	2
824	15832	2
824	885	2
824	5074	2
824	1010	2
824	1313	2
824	8985	2
83	14252	2
83	1867	2
83	338	2
83	5315	2
842	1026	2
842	1355	2
842	2991	2
842	3465	2
842	2991	2
842	1146	2
842	4393	2
842	2991	2
842	1355	2
842	8978	2
8435	12925	2
8435	16011	2
8456	8937	2
8480	8481	2
8480	8482	2
8480	8481	2
8492	12254	2
8504	8505	2
8507	14408	2
8579	9506	2
86	14373	2
860	10587	2
8654	8978	2
875	16010	2
8771	8900	2
878	913	2
8858	8978	2
8867	16217	2
887	1344	2
8873	10699	2
89	475	2
89	310	2
89	310	2
89	110	2
89	150	2
89	16431	2
89	101	2
89	147	2
89	101	2
89	117	2
89	161	2
89	14025	2
8921	8978	2
8930	8937	2
8936	8978	2
8945	8978	2
896	4684	2
896	5807	2
8978	9001	2
8978	16010	2
8978	16010	2
8978	16011	2
8978	16010	2
8978	16011	2
8978	16011	2
8978	16011	2
8978	16010	2
8978	16011	2
8978	16011	2
8978	14098	2
8978	16010	2
8978	16011	2
8978	16010	2
8978	16010	4
8978	16011	2
8978	16011	2
8978	16011	2
8978	16010	2
8978	16011	2
9011	9015	2
9011	9015	2
9029	9555	2
905	14872	2
9095	16010	2
9095	13041	2
911	2241	2
911	1976	2
9155	16217	2
9155	16217	2
9194	9729	2
9194	9796	2
9203	12757	2
9203	12751	2
9242	13041	2
926	1596	2
9311	15832	2
932	976	2
9320	11265	2
9356	16010	2
938	993	2
941	1082	2
941	3317	2
9446	14025	2
947	982	2
947	1004	2
947	1013	2
947	1185	2
947	1113	2
95	16011	2
9500	11018	2
9509	9665	2
9509	9510	2
9509	9555	2
9527	9564	2
9530	12960	2
9536	10936	2
9575	9585	2
9593	9660	2
9593	9678	2
9605	10653	2
9617	9669	2
9617	9669	2
9617	9669	2
9617	12929	2
9617	10967	2
9617	14098	2
9617	9669	4
9617	10967	2
9617	9669	2
9617	9666	2
9617	9669	2
9617	9664	2
9617	9669	2
9617	9669	2
9617	9669	2
9617	9669	2
9617	9664	3
9617	9664	2
9617	9664	2
9632	12036	2
9632	12036	2
9641	9642	2
9641	9682	2
9650	13847	2
9650	9651	2
9662	10873	2
9662	13041	2
9668	9697	3
968	1233	2
9692	10125	2
9692	9693	2
983	2537	2
986	1327	2
986	1612	2
9887	13341	2
989	16010	2
989	1459	2
9974	10432	3
